WADOE_ID	Chin_Presence	Chin_Rear	Chin_Spawn	Chum_Presence	Chum_Rear	Chum_Spawn	Coho_Presence	Coho_Rear	Coho_Spawn
6							1868.77		
13	124.89		120.63	124.89					124.89
15	10767.06		26576.89	22791.80			13035.49	9991.43	3748.23
19			4040.47	1568.44			2170.15		
25	11231.35		6093.64	10068.76			5453.44	5691.49	2771.16
26	5849.49		16682.92	13547.16			8441.47	8466.98	
27	10976.56		3796.88	853.99			2503.99	2493.51	820.79
29	82.44			38.09					
31	1474.00						1186.62		
34	7105.87		5982.33	4036.53			4245.64	4611.87	86.06
35	2914.14	87.02	11469.51	7113.50			18.54	7200.51	
37	1300.74	1418.67					1418.67		
38	5117.09	4415.33	1025.50				2030.37	2872.13	1703.11
39	2502.35		5360.50	3379.27			725.32	2461.38	1395.01
40	2664.68	374.94	5278.29	4049.38			3109.06	1914.42	
43	5543.83		5887.31	420.95			1438.15		
44	5422.11		11341.15	9180.79			5370.37	4620.68	1193.78
45	3120.68		948.55	447.52			775.47	9.38	
46	1587.87		8923.45	5512.31			2101.81	4354.61	
47			2840.94	2214.29				521.11	1693.18
49	1846.81			1262.81			9656.40		
50	2024.97		7402.12	5305.80			1754.48	3412.52	
51	2308.67		12225.80	7665.02			550.23	5745.71	3510.35
52	2439.71		105.46	980.42			2709.33	105.46	
58	2368.26		87.01	5937.17			4547.82	5385.48	3034.75
61	608.69						304.88		
62	7120.33		5549.68				6617.25		
63	10531.06		16860.94	1116.47			7434.99	7482.67	
64	2942.28		10635.68	6747.25			2710.54	5317.84	
65	762.84		12595.57	6807.77			3755.90	6980.70	
67	7020.74						5290.15		
68	347.63		16890.64	10760.58			4917.00	7393.18	5105.74
70	252.65		62.96	863.15			4874.73		433.97
71	86.58		11221.90	5897.66			6356.89	5610.95	
72	2240.53		7447.97	5380.61			5147.83	3745.88	
73	1387.93		6557.20	5186.29			2941.73	3360.39	1448.37
74	681.10	11584.61	12027.86	12487.34			3252.85	10207.20	
75	7030.44	30.86	30.86	5433.70			6234.41	2398.69	1868.79
76				5223.52			3658.09		5651.44
77				2649.58			3846.93	3576.60	10066.64
78	6032.04			6023.32			1409.93	4442.34	2368.92
80							806.59		
81							10647.96		
82	4436.16						7133.08		
83	12.34						624.06		
86	12808.54			13342.47			12.78	13342.47	
87							3930.55		
88							6423.33		
89							3457.41		
91	20.82			20.82			5.03	11198.95	
92	7.56		7.56	7.56			4871.31	7.56	
93							3484.17		
94			4213.43	4550.87			1653.00		4550.87
95	7180.29	6915.24	7857.24	14484.81			6899.97	7439.57	145.26
96	15231.28	41.91	13762.75	15273.18			1773.29	13804.66	
97		3273.81		3273.81			3374.56	3273.81	
98	1409.84	597.15	2141.40	4167.33			1649.50	1739.16	1172.16
99							8120.61		
100			6941.52	6643.39			2078.00	6615.56	
101			2872.84	2872.84			2054.05	2872.84	
102		4526.61	8658.59	13185.20			791.12	12971.17	
103	7320.78	2.87	7320.78	7323.65			0.61	7323.65	
104							4789.46		
105		110.49	2735.30	6171.30			130.53	6040.77	
106	2325.20	6816.26	1564.02	10703.56			3037.26	8384.84	
107							3413.99		
108		2374.67		2374.67			492.18	2374.67	
109	22.29		22.29	22.29			7478.93	22.29	
110	4944.21	989.89	4944.21	5934.10			3627.19	5934.10	
111							1749.03		
112	3844.76		3785.16	3785.16			4246.43	3785.16	
113	3264.30		1812.86	1818.52			6746.99	1818.52	
114							1325.17		
115				3440.27			4413.77	1083.60	
116	31.26			3762.06				3762.06	
117	4145.66			4580.79			1232.67	2983.92	1161.74
118	323.11		4743.11	324.24		4741.98	6144.71		734.93
119	5991.97		4048.05	8414.67		1618.18	2236.26	7368.19	4075.60
120	3962.29			3340.89		672.46	3884.87	3956.68	1519.61
121	2535.35			2530.08			3948.66	2543.93	3.01
122							1500.08	404.16	
123							1258.94	4228.80	198.40
124							170.82		
125							5061.93	2070.36	476.17
126							4012.12	3635.06	
127				2812.42			2465.80	435.77	
129							2706.32		
130							6650.49		
131							2193.63		
132							3092.04		
133				2145.85			6227.41		
134							5866.52		
135							3419.68		
136							4153.37	225.44	
137	5559.74			5394.00			5394.00	4746.11	
138							6845.62		
139	10627.54			10400.48				10897.33	
140	17.46			4739.56			4347.16	17.46	2058.89
142							4976.33		
143	10502.36			10497.22			11390.93		
144	8640.14	5347.10	3293.04	8640.14				8640.14	
145	162.09			2506.27				2506.27	
146				28.22			5223.38		
147				4392.88			3054.78	3013.80	
148							3649.78		
149	915.28						3580.93		
150	280.36						1463.87		
151				1759.35			688.47		
152	11934.79			4511.18			13128.28		
153	1022.51		1033.86	2555.49			1832.66	8.90	
154	1381.10	1182.55	431.82	1497.69		1490.32	315.57	2675.10	
155				1146.96			2331.06		29.31
156				2456.96				1891.73	565.24
157				5915.33		1973.95	2147.65	1077.81	259.51
158				865.31			945.47		
159	1761.82					1761.82	9363.59	6220.04	
160	972.67			1200.32		1517.77	2395.62	972.67	
161							1981.45		
162							3887.04	3380.39	2580.63
163	915.44			9112.64			2184.82	9900.01	
165							1165.04	1622.36	10.33
166							3499.92	3.41	
167	10903.94	6480.51		10141.11			8098.63	2042.48	
168							1798.10		1243.20
170							420.19		
176				1.06			1.06		
186							42.14		
196	6216.13			2837.55			9723.68		
197	288.91			288.91			1960.98		
198							2539.70		
199				2580.15					
208		61.65		61.65			61.65		
209							1438.89		
212	14.92			14.92			14.92		
216						6.66	6.66		
223				9.42			9.42		
264							245.59		
266	7851.19	3698.40					3970.89	4490.17	1312.82
267	10157.04	4993.11					1856.17	5099.77	1509.80
269							1715.89		
270							3681.66		1891.09
271	19217.43		731.64				1657.07	9305.21	
272	6213.45		959.26				670.20	6207.89	669.94
273	12099.46	299.26	11893.12				1549.20	57.76	13893.52
274							6328.12		1572.41
275								30.02	2323.31
276							1865.03	1103.00	895.84
277	3226.55						1611.41		
278	65.99						33.00		
282									116.66
283	2725.84	469.30	2256.54				106.81	172.98	5592.06
287	2485.91		2394.06				346.56	3537.80	1522.57
289									26.83
290									4162.75
291							4358.78	206.98	
292									209.56
295			1091.04						382.05
296	36591.80						25987.94		10603.86
299							3168.67		4470.78
302	4947.11		1227.03				12659.45		
303	4403.14		725.14				2257.51		3065.39
306	6168.48		3144.93				6088.74		
308	7320.81						7766.58		
309	796.95		1630.74				2844.66		
310	17.67						3047.59		
312	3942.26							3544.35	
313	468.13		2896.28	3621.93			721.81	7720.34	
314		92.21						69.29	22.92
318							160.17		3854.30
319	19579.28		817.68				15215.22		5873.87
325	120.85		540.19				661.04	19.11	
326			5828.72				302.22	5753.12	75.60
327	1648.33	87.59	6497.44				4850.45	6585.03	
328	16523.65	13022.07	2073.87				2889.16	14213.19	
329	12044.38	9725.91					3138.99	9359.27	1210.25
330	19248.34	268.59					1848.35	9595.68	
332	11656.31			7.17			4359.57		7503.42
333	4928.37						631.29	7.23	8908.94
336	8601.89								
337	8944.86								13.29
338	5049.61		678.56				1798.46		1643.34
339	6322.64	309.55	5564.33				1979.12	287.76	5586.12
341							91.18		239.68
342			2656.09						5862.98
347	4074.31	394.25	3286.49	3744.13		1397.50	2192.91	3508.43	4892.73
349	123.89		4273.56				1991.23		2255.31
350	27.27			27.27			27.27		
351				2157.45					
352			3346.01			4373.20			10842.30
354									875.51
355	7132.43	6638.35		494.08		6638.35	494.08		6638.35
356	2012.78			1003.60		2721.06	116.67		5121.34
357	3.25	3.25				3.25	1932.24	348.45	3.25
358	8305.01	7220.59		3093.41		5293.75	1084.42	1500.13	5720.46
359	20.90			2228.11		13.77	1266.47		1804.50
360							92.19		
361							522.39		
362	2400.81			2400.81			2400.81		
363	4964.15	2.63		6291.47			1526.05	4791.95	
364	1134.10			1134.10			1134.10		
365	2448.73			4251.78	284.74			41.87	4056.94
367	520.04			516.91		569.77	404.60		520.04
369	218.27			3905.95			218.27	3687.69	
370	118.20			41.56		3802.65	3256.02		118.20
371	3348.26	3345.98		3348.26				3348.26	
372		1678.74	455.24	56.49	920.15	1157.34		2133.97	
373						741.26			703.34
374	1521.49	25393.99		14221.18			1523.04	12699.69	24.47
375	1552.96		4161.91	1649.83	320.59	4833.60	984.60	1972.08	2197.51
376	27.43	4336.81		4316.33				4316.33	
378	3316.65			3316.65			3316.65		
379	5711.34	49.63		82.01			233.95	5545.54	
380			7139.23			6071.21			8137.02
381		9905.08		9916.28			994.00	9905.08	11.20
382		6213.68	708.64	2322.11		708.64	1059.62	5193.48	2541.04
383				1830.20			132.96	304.34	5225.32
384	236.98	3178.80		3434.37			236.98	3178.80	18.59
385	7427.38		2843.30	10703.26			5739.50		6925.83
386			10844.05	26.96		10817.10	1005.79		10844.05
387			4059.51	2728.36		3126.07	1794.93		4059.51
388	1356.15		5145.33	1357.98	180.54	4962.95	1356.15	425.15	4720.17
389	6801.75	3595.05	1148.18	10671.03		1061.42	6801.75	4142.45	1315.39
390	5900.29		856.99	486.86		2295.02	3724.53	395.30	2637.45
391							2849.43		
392		4079.90		4454.64			3234.62	4079.90	
394	12.55	12.55		258.62	737.73	235.58	4505.37	12.55	
395	3340.15	2547.29		3340.15			792.86	2547.29	
396				314.03					
397	5580.62	4409.47		4422.92		1141.25	8280.83		5885.09
398	14757.85	6487.89		11333.45			3708.23		8287.66
399	8502.22	7404.61	9719.00	6958.35			5003.25	5123.27	6920.85
400				5617.53			502.18	3987.02	1128.34
401							347.89		
408							299.46		
409							3.10		
410	9.03			1714.68			1714.68		
411				3069.23			1708.69	2064.84	
414	114.95			114.95			114.95		
415	1000.09						310.38		1336.94
418	128.32		10415.67			3266.14	942.75		10420.61
420	1115.67		7565.05			7565.05			8680.72
421							636.20		
423		477.90	6249.70				1116.33		5619.45
425	927.46		1161.53				1556.95		1154.55
454	6697.34	330.27	644.96	289.66		197.91	300.00	4128.68	2446.55
459	878.24						2927.68		2422.15
460	206.26		4250.74			4250.74		454.87	4250.74
461									1437.96
462			18534.42			17794.35			18534.42
463							743.03	1099.15	
466	19.71		1625.68			1625.68	1645.39		
467	568.40		931.81			1500.21	1500.21		
471						1010.55	354.90		
472	2553.93		3774.68	420.89		4681.70	2553.93		3774.68
473	428.82		4466.33	72.39		4690.81	807.19		4466.33
474				849.43		2397.19	7380.87		6971.77
475				1859.05		934.31	329.30		934.31
476			1944.13	1346.72		1944.13	3290.35		
477	957.35		4291.02	738.37		4510.01	766.19		4482.19
478						6628.93	368.96		6628.93
479	235.66		3955.55	13.01		3955.55	235.66		3955.55
480						2158.85			2149.97
482	367.41		6.97			10793.37	2300.80		10100.77
483						5036.48	170.03		7323.83
485	7.06		2237.37			2244.43			2244.43
486						5050.33	6170.50		
487	1049.68		10989.68			11878.47	1217.70		11350.07
489	8.39		9.55	1073.07		9.55	1081.46		9.55
491	23254.38	1261.76		164.63		1823.04	21122.13		486.58
492			2514.51			2564.94	50.43		2514.51
493			4691.35			4704.10	2401.50		4704.10
494			166.62			166.62	713.42		2207.55
495	629.88						629.88		
497	8890.87	509.21	8082.27			10806.40	7520.11	357.50	11152.93
501			2551.28			2551.28	2712.53		6900.13
502									6317.17
503						436.41	52.38		10428.18
504	219.89		524.69			2245.91	109.19		2245.91
505							4585.53		
506							13637.56		
508						472.61	421.52		
525	5891.77						5891.77		
526							689.30		
527						3765.70	302.63		2938.55
528	3392.64					869.49	869.49		
529							430.86		
531				5945.43					1981.81
538	50.27			12522.73					4174.24
539				11682.42			4239.53		3676.71
540				5232.92					1328.56
541									1949.71
543							4703.09		
544							4725.30		
545							18.36		
548							1926.44		5044.84
549							1255.15		
553							3012.93		
555				189.13			2653.27		
559							1294.75		
560							1967.77		
566							477.66		
567							4431.61		
568							1224.68		
572				6.92			6.92		
575	11.34			34.01					11.34
584							82.30		
586							3441.15		2430.09
587	2922.22		4741.14				514.28		12322.09
588	11408.72						4606.76		13392.34
589	1582.42							447.11	1970.27
595	2659.54					2758.60	10686.10		
596				28.09		5106.41	837.93		5075.00
597				2331.31			2331.31		
598				264.56		2395.10	4679.40		
599	3864.47			697.80		3768.51	1834.25		3859.31
600	165.94		1233.32	298.39		1494.98			1793.37
601				3246.34			1967.59		2016.42
602							13.97		
603	466.47		2951.13	3417.61			518.16	2916.06	
604	1955.54		687.59	2519.68			2643.12		
605	2368.71			307.74		2060.97	520.07		1848.64
606	100.89	1836.13	1157.37	730.90		2363.49	3094.38		
607	3333.34			2796.12		4041.72	4849.54		26.63
608			2091.97	2093.78			2095.06		
609	2526.83	1130.76	22.66	763.91		34.72	3563.74		
611							3753.42		
612	459.83		5605.75	1372.23			2565.92	1274.26	5553.34
613							832.92		
614	1464.18		5785.44				228.78		5785.44
615	1693.21			5.09			3978.55	187.43	5466.64
617	311.10		7890.22	15.41			295.70	15.41	7890.22
618	4798.62		81.66				204.66		418.40
619							16.02		
620			4384.01						4384.01
621			3516.66				170.23		4721.10
622							1361.94		369.57
623							190.93		1488.01
624							13.05		
625			2705.39				8.67		3648.81
626							109.71		
627	298.20		6977.06				316.18		6977.06
628	2122.06								
629			4350.74				6.27		4350.74
630			8525.72						8966.68
631							5006.37		
633	3564.26			3564.26			3564.26		
634	914.50						757.82		
635	9.03		1225.63						1225.63
636				469.08			1356.80		
640				99.92			303.35		
643							690.95		
644							1.17		
645	22.58			22.58			22.58		
646				671.94			136.89		
647				325.50			503.98		
648				146.18			146.18		
652							1620.66		
653				2.03			2.03		
655	17.85			17.85					17.85
660				748.50					
666	94.19					94.19	94.19		
667				437.55			437.55		
668				15.59			15.59		
670						858.47	858.47		
673				15123.17			7374.07		187.51
676				1544.57			1648.46		
677				904.51			904.51		
678				4246.50		366.78	3699.30		876.95
679	1072.30			1112.02		4400.54	2771.68		3832.06
680				5355.05			5355.05		
682				1762.00		530.61	2292.61		
683				650.84			650.84		
684				3620.00			4204.88		
685				3682.31			3682.31		
686				8553.25			8306.87		246.37
687				2006.34		5584.60	1712.75		5878.18
688							2365.01		
689				11.97			6606.29		
690				1116.94			3640.09		
691				5552.47			7450.35		
692						3423.32	3421.99		
693				3047.30		4321.86	3047.28		4321.86
694				709.95		6543.05	709.95		6543.05
695	6512.18			489.22		6061.52	533.20		6017.54
696	2657.35			6396.40		2439.64	6474.52		2009.19
698							5822.66		2.31
702							1427.89		1930.79
703							1113.43		
704							2251.80		1030.38
705							709.93		4015.75
706							25.17		2919.64
707	2816.87			1744.83		970.79	42.49		3752.77
708							1965.62		
709						2288.11	4781.40		1369.86
710	1239.53			579.35		9346.05	647.79		4364.13
711							250.65		
712				2567.74			3131.83		273.85
713				2343.95			1786.50		640.03
714	1623.65			197.34		12732.91	12.81		6452.31
715							760.06		3484.76
716							1238.36		4185.53
717	2183.14			326.96		4261.66	2037.35		4985.60
718				724.64			724.64		
719				1382.83			2897.55		
721							2290.32		856.17
722				819.11			3407.89		508.50
723				9454.86					4727.43
724	1316.76			3027.45		13405.64	4852.93		9015.64
725				929.22		2319.48	1514.35		1734.35
726				876.40			185.71		793.21
727				1007.15			1180.31		
729				5561.68			2029.16		2780.84
731				3838.33			3866.37		
732				574.24					
733				2698.00		2709.62	4418.00		
734							30.20	35.14	143.58
735						1459.67	563.76	920.82	
740						1018.17			1018.17
741						405.19			247.82
742							827.24		
743						474.25			474.25
744					3.35		3.35		
745					358.17	1877.00	194.47	1106.85	2055.48
746						138.15			815.99
751				905.36			1823.16		
757				3135.00			3110.09		
759				802.18			802.18		
760				2997.68			2997.68		
761				1363.57		650.87	1105.45		908.99
763				1605.47		4.45	1609.92		
765				1088.16		837.43	1925.59		
771				1183.66			1183.66		
774				964.79			973.65		
777				17.62			17.62		
784	0.62			0.62			0.62		
789						596.72	596.72		
790						847.67	169.33		
791				17.28			17.28		
792				237.76					
793				146.43					
797						935.07	935.07		
834							1454.46		
835				2.38			604.74		
838								2261.19	5509.66
839				1226.61		2442.42		2951.93	717.10
840				414.50				3781.53	1337.36
841							576.49	4390.24	1174.19
842			920.92			2627.17			2702.45
843				1231.65					6467.69
844	71.25		0.67			0.67			72.99
845								3658.12	442.76
846								7631.20	
849							626.92		
850				1414.13			2941.38		
851				752.35			139.51	2375.06	
852				3285.78			339.19	376.22	4656.76
853							10668.86		
854				97.38			3850.21		
855	919.50			41.53		1289.49	1848.83		1434.48
856							42.10		
857	1040.23			1853.30			2663.94		1135.59
858	1017.01			2681.41			1777.83		903.61
860				3591.99			2669.69		
861								2760.76	
862				596.95			1704.21		
863				2566.63			3112.75		2484.98
864							400.52		
865						952.50	744.35		2775.21
866				529.51			3475.76		
867	964.94			1920.97			234.85		2302.85
868	2746.07			29.93		986.62	311.21		2446.10
869				1905.20			18.66		745.06
870	852.66			2172.10			940.59		2438.26
871				340.96		1516.34	1112.26		3456.74
872	1820.75			4059.81		5487.25		5294.55	
873							1299.79		
874	185.78			604.23			2539.77		554.73
875				202.87		1410.96	2329.99		2109.44
876				599.20	666.91	1768.20		2695.33	5510.62
877	412.01			668.73		90.93	425.88	321.55	9.52
878					473.87	651.78	32.03	2332.32	3584.97
879						1835.65		1503.24	6275.33
880				5436.26		4186.10		8488.42	1659.39
881							2629.39		
882				499.17				1914.28	3011.74
883	653.66					1745.96	206.17		1745.96
884				124.51		3657.17	689.93	1254.44	3514.79
886				521.36		1742.79			1742.79
887				1051.99		164.73		2686.44	1216.72
888				2625.22		2.67		1482.61	766.58
889			951.43	3587.89		2414.72		529.63	2184.84
890				220.93				3525.65	1670.17
891				918.03				1355.31	788.39
892								1075.74	6431.84
893			1949.75	551.84		4433.92	18.41	1715.88	4449.63
894				127.42			188.05		968.89
895	406.57		2392.99	106.40		13770.95	50.34	404.89	6483.44
896				813.62		1728.63	1076.95		2482.69
897			142.74			0.10		3660.44	2166.04
898						294.60	1837.33		323.83
899			376.90	376.90			558.17		667.42
900				1368.17			2701.00		651.07
901		52.60	1464.02	792.74		1418.97	2042.31		1516.62
902			3609.69	1063.13		3609.69	129.14	6352.76	3609.69
903							514.19	1886.21	2884.79
904				2680.17			976.26	223.29	6135.42
905	447.92		3140.84	5669.17		5661.29	2659.80	3260.51	1011.85
906				10079.34			1943.18	3506.68	3360.38
907			2202.99			4405.98	23.36	2169.74	2202.99
908				1911.16		1793.16	22.90		1852.16
909				1707.45		26.58		2316.08	13.29
910						4963.08		2481.54	
911			2249.93	959.27		4508.26		3840.16	5935.59
912			4493.32	6382.87		5895.02	239.14	4471.30	7277.54
913				5289.98				4450.93	6505.73
914				7387.36				2424.20	
915				382.17			649.27		
916				2036.92				959.74	2777.98
917						163.79	2076.14	3383.46	
918		362.32	2947.24	4233.82		3310.14	27.84	853.10	4654.74
919			8.28	1352.76		2166.26	519.40	1758.17	3510.74
920							1660.77		
921				3914.84				355.60	6545.29
922				1164.55	1297.79			2141.50	3705.80
923						1991.83		2981.14	
924							1678.63		5441.99
925	71.63	1196.76	1641.27	0.42	4307.22				4307.64
926	547.98	380.63	2172.40	980.94		6202.02		2556.57	3101.01
927			1931.24	6253.51		6252.98		4244.84	5899.79
928							623.21		699.36
929	1049.79	312.26		4754.67		2273.88	31.13	2074.71	2935.37
930			12.24	4805.89			59.05	10695.62	449.38
931							1855.25		
932	15.62		108.73	8559.67			336.90	4876.35	10327.29
933							5770.22		
934	364.84			3566.61		304.68	10685.68		237.32
935	1413.74			767.14		1220.97	1175.38		3064.48
936	3972.69					4898.22	1127.24		3972.69
937	1782.15	773.32	11246.26	25940.44		3991.65	583.55	8950.36	13801.18
938	482.75			875.04			1761.66		796.72
939				818.71		1516.79			1529.72
940	988.48			988.48					4591.46
941				438.05		1828.59	52.16	1618.81	2901.76
942							2381.20		4165.62
943				3272.61		3327.07	75.29	6717.18	3053.97
944	43.90		2744.87	83.54		4157.27	1662.61		6132.16
946	2054.56					6474.12	1661.78		5386.04
947	1738.33			1516.83		2930.55	394.70		1098.92
949		298.20	2716.55	838.14		3618.76	815.94		2821.62
950	1252.41			1252.41			2021.73		
951			1144.20	1735.28			1109.69		3734.12
952				312.66		1258.99	3667.53		1309.29
954	3220.14			1312.90		1907.23	285.17		4707.82
955	2142.88			909.63		1245.92			2161.69
956				1118.94			1928.23		
957				2.63			110.44		
958	1414.05			1414.05			1414.05		
959				373.35		996.66	326.56		942.50
961				1492.54			606.98		1059.06
962							2530.12		
963				314.45			475.41		266.91
964				888.52			216.15		1178.36
967							1152.35		
968							1884.05		
969				284.68			1157.48		
970				393.47					
971							2239.11		
975							506.73		
976				115.44			115.44		
978	2.46								
979							201.55		
981				172.09			875.96		
982							607.31		
983							200.05		
985							487.95		
990							67.69		
994				254.34			290.12		110.11
995				175.65					
997	7.47			7.47			7.47		
1001				1001.09			1772.66		887.10
1002				270.62			727.46		
1005							2.10		
1008				427.73			12.01		
1009				656.77			202.62		
1011				9.17			9.17		
1012				568.43			568.43		
1016				345.13					
1017				1429.62			1987.43		
1020				1258.15			1427.48		
1021				118.37			728.84		
1022				250.82			1213.31		
1024							142.29		
1026							165.51		
1033				175.99					
1035				293.48			1010.08	1218.96	
1038							204.86		
1042								918.15	
1045								757.60	
1046				921.21					1757.78
1048								327.50	
1049				292.93				292.93	
1050				1348.46			2744.11		
1051							854.06		
1052							1285.01		
1060							210.22		
1062				254.69			458.20		
1064				175.87			175.87		
1067							569.67		
1071				713.02			1600.33		
1073							1073.85		
1077				1.51			1.51		
1078				368.14			368.14		
1079							826.01		
1082	2.49			3.90		6.10	2.49		6.10
1090				608.13			608.13		
1091				576.92			157.33		419.58
1094							50.59		
1109	44.12			44.12			44.12		
1122	7.42			7.42					7.42
1124				37.02			37.02		
1126				724.50			1334.62		
1127							442.69		
1130				366.08			516.02		
1133							230.78		
1135				76.98			76.98		
1136				169.93			169.93		
1137				387.40			2143.52		
1139							662.33		
1141				1230.01			1230.01		
1144				512.37			536.49		
1145							393.26		
1146								52.56	197.01
1147				494.15		318.09	40.17	961.90	248.58
1148						531.72		1700.24	
1149				42.98		1364.66	67.03	386.91	724.91
1151				1008.52				2282.02	779.10
1152				275.41		1023.54		1175.65	971.99
1153	275.40							502.05	
1154	13.01							13.01	
1156				284.53			44.32	240.22	
1157				64.08		540.48			
1158				2.42	3.37			5.79	
1160	865.93			865.93			37.79	197.74	628.87
1162			2.11	509.08		2.11		1017.24	
1172				551.31			564.67		
1178				1154.55			1441.39		
1188							3320.58	1077.16	
1189	1225.30		12058.00	806.77		9753.12	4902.06	1520.02	6861.80
1190	6403.61						5256.53	1147.08	
1191	1340.51								
1192	9659.67						476.33		
1193	3215.52						692.90		
1195	12605.67						2760.80		
1196	1985.08						1827.26		
1201		1451.67	928.33						
1204	3849.87		1658.68			1539.71			1539.71
1205	2003.10		4267.69			5897.91	5117.30		6460.69
1206				2844.92		471.19		75.66	426.50
1207						567.72	559.41		514.27
1209	467.81			130.66		840.32	95.29	42.56	329.96
1210		102.79	699.15			3494.42		33.31	4668.05
1211						1900.13	1041.62	256.73	1067.56
1216	170.79	289.44	5842.85	1977.08		11094.12	236.03		6723.28
1217						531.37		45.95	485.42
1218						211.15		22.83	188.32
1219				2500.03		21.05		196.71	1328.29
1220				46.23		787.92	43.39		607.32
1224			3366.23			4465.82			3366.23
1225	41.83	158.85	6918.29	97.06	265.12	12003.39	240.98		8722.24
1230			2320.79						2320.79
1231			8136.23				2104.15		8136.23
1232			5834.57	2966.18		5836.05	1445.72		6238.45
1233	269.12	772.28	4678.88	373.44	542.82	10524.30	1671.34		4864.06
1234	642.38		572.63						
1237				403.55					
1238	2693.22	2619.80				6726.62	5779.26		2619.80
1239	1624.12		8206.10			7934.42	389.80	3530.02	5910.40
1240			7078.12	664.34		7107.30	693.53		7639.91
1241	4573.11		4086.36	591.49		11594.27	8277.19		4086.36
1242	3765.15	20.21	8626.64	4187.54	2325.32	7287.37	7514.81	3138.82	5508.03
1243	57.66	1239.54	972.10	1517.98		972.10	1281.86	3853.62	
1244							25.06		1510.64
1247				620.58			620.58		
1248				432.77			432.77		
1251				53.48		561.78	108.08		1144.76
1252						9.84			
1257				19.39					
1258				641.96					
1260						3.26		3.26	
1261						312.61			
1263								54.24	258.09
1266	16.82			16.82		16.82	16.82		
1267				549.62		789.54		63.22	726.32
1269						4.49	4.49		
1270				76.73		723.56	68.54		731.74
1271				117.26		354.96	125.11	73.97	273.13
1274	49.76			217.52			49.76		
1276				863.89		74.56	174.96		
1277				502.35		554.00			
1278	21.27			516.39		327.02	323.66		
1279				27.98		533.60	561.59		
1280						893.27			869.43
1281			10.76			24.40		10.76	13.64
1288			36.32	3176.94		3235.86		1253.90	3975.79
1290	2486.66						2201.92		291.62
1291	5802.90			2364.94		5789.56			8166.73
1292				583.01			376.96		733.87
1293				868.74		0.76			6178.71
1294				1786.87		46.46	5603.58		619.54
1295							1122.86		
1296				3888.69		977.24	640.71		2782.58
1297								33.75	836.45
1298				1341.30					2086.74
1299						839.90	1396.70		765.16
1300						295.45	1457.05		1205.06
1301	792.99	731.68	3489.05	428.74	1212.87	7957.10	1856.03	152.42	3085.09
1303						1128.29	515.59		6668.18
1304							983.15	688.30	2243.89
1305				2859.37		1629.51	1132.44		3828.87
1306	1702.36		946.48			4469.67	1876.43	106.85	5096.34
1307							162.89	1553.42	1868.13
1308						3120.48	451.62	14.44	4755.17
1310							4653.70		
1312				479.52			1805.51	512.92	
1314				1205.10			630.61	3539.69	783.50
1315							369.27		3686.09
1316									6284.26
1317							589.20	4161.36	6276.89
1318								874.13	4504.71
1319				11285.42			383.40	1666.30	7139.61
1320							100.81	2738.06	1532.57
1321				5929.44		2409.55		145.31	4024.19
1322				5630.29		5630.29		66.22	5564.07
1323				1090.22		3536.18	13.19	1473.12	2306.60
1324								220.51	1399.81
1325							253.49	104.42	
1327				20.39				33.14	
1328							896.37		
1329							1339.92		
1330	2553.69			7.87	613.93	4493.38		293.40	2268.08
1331							47.92		
1332				3345.56				1673.46	2620.00
1333							288.24		
1336				12.67					6.34
1337							128.80		
1341								7.77	
1342				301.26	52.83	248.44	54.44	74.73	172.09
1345							19.84	91.03	
1356								10.49	
1359							217.09		466.86
1365				214.63		82.51	35.88	74.59	
1387							489.04		
1392							397.75		
1393							226.67		
1396				4.75				4.75	
1397				41.90				41.90	
1411							472.39		
1415							155.01		
1423							6.77		
1427							236.45		
1428							2.32		
1429							233.12		
1432				162.19			303.92		
1437						4.10	4.10		
1451				94.27		578.46	285.46		50.91
1452							582.75		
1459							110.17		
1460	9366.05		8413.39			8413.39	955.37		8413.39
1468	6255.33		3306.07			1372.79	373.02		7163.66
1469	5530.79		5530.79			351.85			5530.79
1472	5906.84								6801.96
1473	6.31								6.31
1474								1168.74	557.92
1475	761.57		712.68				429.55		359.82
1504	5777.86		5777.86	326.69		6485.03	1698.47		5818.08
1505				85.82			266.39		
1506	1507.10			1074.48			432.63		1074.48
1507							15613.35		1107.64
1508							4013.26		
1509							1693.31		
1510	4152.69		3171.71	2680.36		3171.71	977.40	104.98	5126.35
1511	5980.08		5029.41	10954.38		8441.06	9008.69	1533.55	3768.30
1513				1217.25			2118.44		3940.37
1514				1599.29			1527.43		
1515				4656.56			3143.45		
1516				4207.74			4207.74		
1517	37.85			7772.94			2593.85		3180.50
1518				2923.38			1970.30		
1519				2804.09			3096.44		8087.04
1520				7008.72			10222.19		105.91
1521	4393.62		6724.37	8924.65		6871.68	5848.22		6724.37
1522	177.11		177.11	7953.49		354.22	6053.50		698.78
1523	3004.22			1621.45			5315.70		3285.32
1524	6993.10		5827.27	2382.17		4690.42	544.87		6856.38
1525							83.25		5335.70
1527				2412.20			5436.55		
1528				9954.08			8205.31		4291.26
1529							5412.34		3789.18
1530			904.64						921.10
1531			1689.16			111.37			1689.16
1534	84.85			84.85			327.38		84.85
1535				1482.81			11435.32		
1536							13028.18		3492.72
1537				5713.26			2731.36		3144.51
1538				4777.75			850.86		3665.59
1539				92.36			578.16		2032.54
1540							2408.06		
1542				3.31			3.31		
1545				99.13			99.13		
1547	192.59			96.29			96.29		
1550				1889.56			2749.16		
1551				12.61			12.61		
1552				203.90			1626.40		
1555			5142.24	5140.61					7945.45
1556									5887.08
1557							2022.83		613.64
1558				1953.47					2778.41
1559			16.25	3963.14		2476.37	109.87		9477.63
1560									2107.19
1561			2940.87	2986.38					5740.96
1562									2421.60
1563							617.31		954.68
1564						201.23	7167.36		8213.39
1565				734.39			153.80		898.77
1566				2087.69					8410.56
1567									849.34
1573									1408.19
1574				3132.00					5237.82
1575	3233.15			3139.09			415.43		2825.03
1576				221.24				1404.65	
1577			3479.67	27.36		3452.31			4752.94
1578				177.21				1024.41	
1579			15.29			448.57			1950.51
1580							613.15		2102.49
1581		704.75	8007.34	8712.09					9538.28
1582			4814.31	4814.31					4826.59
1583			2431.14	2931.86			268.85		9655.34
1584	811.98	211.95	6317.14	7400.08			423.39		8064.16
1585	47.31		5362.58	5409.89			1189.85		12407.58
1586	192.92		11423.41	1091.56		10524.78	192.92		14079.13
1587							564.30		3823.67
1588			3568.70			3568.70			5556.06
1589						227.44	1978.21	237.57	4288.17
1590						1931.19	116.38		3608.30
1592									566.04
1593	398.83		5116.68	366.30		5149.22	381.61		5133.91
1594				3831.44			2330.53	3686.68	2301.22
1595				2334.43		2068.23			8522.89
1596				31.43				22.07	6548.14
1597								95.41	3719.11
1598			5778.84			5778.84		5778.84	
1599									4259.08
1600			6881.47	6860.78		20.69		144.00	6746.50
1602	1428.28			591.84		3464.48	1066.20		3577.43
1603				4073.50			1043.51	2149.73	4417.10
1604						2817.38	56.54		2760.84
1605	71.29			518.75		309.67			2443.02
1606				597.21				1583.21	3317.74
1607	3875.20			1074.22		4817.09			5057.49
1608	2606.59			2606.59			630.06	940.06	1666.53
1609	2136.40			4275.22			13.47	880.47	4275.22
1610				1887.99					2949.58
1611								1015.75	
1612			5536.93			5536.93		1545.31	3991.62
1613				294.08					1705.89
1614			2888.51			5388.83	2669.19		2888.51
1616				2317.48					3515.05
1617			2299.57	296.81		3193.62		128.91	5166.51
1618	2773.78	803.91	2684.28	4611.93		1650.03		6290.08	
1620									1965.60
1621									2876.83
1622				34.11					34.11
1625							274.49	3.27	26.21
1626								140.47	1441.08
1627				26.95				26.95	
1629				18.98					18.98
1630	713.23			738.97			738.97		
1631				39.99				39.99	
1642				5.28				5.28	
1646									3.62
1665				349.55			70.62		
1669				354.69			1067.21		
1830	7374.00						7047.58		
1834	6413.47		278.94				9725.16		
1838							400.18	1.54	
1842			33.92			33.92	33.92		
1848			3.94			3.94	191.59		
1856	2172.83		1183.60					3356.42	
1857	7595.28		136.82				635.98	3982.06	
1858	235.14								
1859	952.55		8484.42				2041.92	8484.42	448.46
1860	1109.08						554.54		
1861			824.49						737.19
1862			3903.33				938.56	3903.33	
1868	3398.16		3398.16	24.97		3398.16	24.97	3398.16	
1873			1723.87					20.35	
1876			1166.83						
1877			6014.37				815.33	5992.71	1255.89
1878			4741.02				1352.43	4695.54	
1880	107.77								
1881			0.18						
1885	72.28		1036.26						
1886			5226.96				149.44	3831.75	
1887	419.25	1266.66	7621.64	660.45		8490.21	2335.51	7342.04	761.51
1888			2458.07						
1889			354.38						
1891			42.32				91.31		180.37
1892	101.54	130.63	6390.46	520.23		6716.98	3709.50	6354.45	536.28
1894			2291.73			574.40	1811.25	791.88	
1895			5358.98				4555.69		
1900			15.38						
1905			2781.09						
1909			5261.25					5377.45	
1910			7286.81			23.99	281.01	7698.74	
1911		3603.08	4959.14			5375.10	492.25	5375.10	
1912	20.68	6285.24	6285.24	354.36		6285.24	1158.45	6870.59	
1915	641.60	2638.87	2638.87	248.83		2638.87	3462.85	2915.99	
1917			670.92				1439.25		1230.29
1918		262.26	722.60	380.23		262.26	3473.26	832.33	784.20
1919							1006.26		
1924			235.58						
1927			1416.86						
1928			7516.35				2355.41	4218.64	
1930			3200.10					8.99	
1932			899.10						
1933			2207.95				1084.75	533.89	1702.11
1934	2029.58		7142.95				7110.85	7296.65	
1935		202.28	4770.78				462.33	4553.26	
1936	5170.97		4076.01				7293.98	7249.56	1419.88
1937			4085.06				299.55	4085.06	
1938		5329.33	663.08				2565.47	5992.41	
1939	2409.64	6273.05				820.23	1553.01	6273.05	
1940	189.29		189.29	1359.02		158.93	488.71	247.08	4011.47
1941	6108.97		5567.04	477.72		6108.97	477.72	6108.97	1056.37
1942							924.16	798.97	1515.43
1943	142.67		142.67			2163.11		1064.84	1098.27
1947	282.32		979.42				1744.51	8.30	
1950	95.28		4325.67				1396.44	3998.75	12.11
1952			23.83					23.83	
1953	6825.01		5297.58	5237.96		3083.59	11013.37	5297.58	
1954	322.32								
1987			991.22				2385.31		
1988	2204.61		3963.16				6167.78		
1989	491.15		2412.09			2412.09	147.62	1414.40	866.05
1992			5453.75	3746.29		4770.13	4549.40		4770.13
1993			3049.84	1144.08		3161.29	2166.68	345.34	3639.74
1994			4827.93			4827.93	299.68	4827.93	
1997			2181.42				2097.25		94.20
1998			6540.21	319.49		3824.56	2139.42		6555.98
1999			7131.28			7131.28	342.49	7118.38	12.90
2002			404.01				623.38		419.96
2003							1272.40	3878.45	
2004			186.12					3847.39	
2005	192.93		4710.97				276.82	4710.97	
2007	2258.73						1149.73		
2009							51.92		
2010	243.84		2.85			2.85	1170.03	2.85	
2011				308.68			67.93		308.68
2014			1088.10				1088.10		
2016	12.81								
2018	1617.17								
2019							1255.62		2420.39
2020							997.87	2041.78	458.27
2024	164.93	752.05	2227.06				564.77	1233.99	
2025	591.87		9313.16	749.92		8177.39	3969.94	9313.16	
2027	549.35		17.07	3025.32		17.07	10390.55	17.07	
2028	73.99								
2029	720.77		1599.94				5983.54	4.25	
2030	546.43						619.42		
2031							366.06	5.36	
2035							2732.52		1928.71
2036			367.71	308.56		376.67		72.32	614.09
2037				225.72			215.41		
2038							447.97		3257.91
2039							1479.38		
2040		346.77	436.49	736.37			955.89		736.37
2041			306.46				2892.45		337.89
2042				971.10					1150.38
2043							1136.85		499.94
2044				1249.96			621.50		1618.98
2045							2418.38		1103.41
2047						488.76	1932.29		1176.49
2048	151.07			1338.02			719.55	8160.95	1942.11
2049	3988.10			11.05		3977.05	585.00	5541.09	3090.65
2050			45.50			45.50	2107.94	45.50	1416.48
2063	1709.10		573.04				3494.83		161.69
2064	6019.80						3602.94	62.20	
2065							411.73	1.22	
2068	748.16								
2069							860.47		
2070	4599.28						2880.46	1247.51	750.44
2071	1307.53								
2072							236.87		
2073	3001.36							40.01	
2074							1280.47		
2075	1625.99					1625.99	2594.24	1625.99	1593.41
2076			3962.51	13.69		3962.51		5159.14	792.14
2077				76.85			7641.22		
2078		5833.50	5833.50	318.53		5833.50	1011.36	5833.50	
2079			7492.68	1489.57		4477.62	2084.04	4652.81	2607.06
2080	6197.02		5851.53	858.95		6600.63	3679.96	5851.53	188.60
2081	14104.99		902.13	10691.49		763.87	11591.12	902.13	
2082	21595.50		10394.40	2977.18		9130.97	5928.42	8436.21	
2083	9284.74		4714.15	794.05		4666.30	2231.52	4666.30	
2084	8538.86		4269.43			4269.43	6554.41	4269.43	
2085	11093.67		5576.28			5576.28		5576.28	
2086	8310.80		4036.37	270.58		4036.37	1341.75	4065.18	
2087	28853.80	694.95	19409.40	13828.20		7131.46	5394.42	18620.36	206.94
2088	11607.83		8372.78	9937.42			12113.67	4529.59	6113.40
2089	22238.67		9041.84	18837.17			17003.46	8937.61	4066.19
2090	18322.80		7018.03	11209.07			7534.64	5206.72	3749.54
2091	5770.48			5770.48			9089.82		4072.57
2092	1913.28	284.59	446.16	4400.05			6556.48		6371.62
2093							4388.25		
2094	21366.46	5654.42	1950.42	13761.62			6156.78	7604.84	
2095	13045.49			15288.41			14951.23	3192.59	2988.23
2096	2326.52	2908.10	4339.76	9628.74		3230.20	3704.68	3167.79	8855.50
2097							5119.93	30.70	
2098	7661.55	8078.67		8942.14			8602.60	3397.73	
2099	105.48						2189.11		5722.21
2100							4439.58	580.26	2282.76
2101							4303.25	4506.45	
2102							4442.92	2241.31	
2103		13.72		3108.56			2563.40	4447.40	
2104	13406.74	6703.37		6703.37			427.58	6703.37	
2105	72.80	36.40		36.40				36.40	
2106	10322.52	5161.26		5161.26			2519.88	5161.26	
2107	15370.89	7685.44		7685.44		8.69	32.38	7653.06	
2108							6678.75		
2109	3174.70			3174.70			4699.47	4996.37	1630.29
2110							477.33		1873.98
2111	10.68			10.68			3705.80	10.68	
2112	12.88			12.88			3077.93	12.88	
2113							12256.19		6872.34
2114	3605.35			4493.21			2386.04	3605.35	4292.60
2115	10320.23	74.49		10350.36			3830.35	8895.21	1076.44
2116	25961.09	9930.14		10464.85			3958.27	8005.47	
2117	8976.08			8976.08			8976.08		
2119	19023.73	5418.45		8766.04			814.05	8019.88	
2120			6846.31	699.49		6846.31	132.62	7311.22	5300.54
2121				904.39			873.35	1906.69	6300.93
2122							137.89	6497.34	1963.76
2123	12.00			1152.85		4379.04	6619.49	491.23	5531.89
2124	3298.03					3606.97	2500.90		8955.64
2125	608.64		6667.76			7276.40	138.15	1417.37	11691.91
2126				179.74		1972.96	1657.37		1997.85
2127	722.42					722.42	1126.59		1590.94
2128	6528.44					6547.53		5715.04	1259.11
2129	748.20	3774.52	1107.10			6782.86		4879.40	4194.12
2130	8625.10	3100.47		9483.97		2241.60	1893.35	10650.06	
2131				1712.02					
2133							4919.21		
2134							4505.49		
2136							9087.24		
2137							298.95		
2138	1524.25						6064.99		
2139	179.13						5870.97		
2147							2712.87		
2148	33.04			33.04			33.04	33.04	
2149	2126.17						2201.77		
2151							2799.91		
2152				136.77					1648.75
2153							907.86		
2154								283.59	
2155	4372.98	160.25		4468.23			4307.98	160.25	
2156	1646.64			5470.98			4102.70	73.09	
2157	6447.30	4741.74	11705.35	428.87		11073.59	425.85	14199.64	677.12
2158	2052.82	8582.21	10705.40	1029.86		11447.70	6942.42	7170.11	10238.98
2159	1165.21		6341.24			7506.45	172.69	11145.81	2400.80
2160	36615.50		15585.42	2861.10		17910.77	10750.10	12145.17	198.90
2161	34841.08		11055.25	8962.72		10675.66	12384.80	11379.01	157.48
2162	34173.28		12473.30	5676.89		14203.46	13624.39	13817.99	1002.21
2163	20368.27		5865.59	2917.89		5122.95	1527.40	10266.55	
2164	7567.59		3142.84	7149.61		3142.84	4683.28	4419.18	3998.53
2165	8480.46	3813.41	5056.22	4475.45		6880.85	6373.13	6505.18	12343.85
2166	28.66		1486.84	1515.49			1751.67		8752.41
2168	3.70			3.70			3.70	3.70	
2171							9.17		
2199							798.55		
2206	1354.16			1354.16			1357.21		
2209	501.77			3318.85			405.20	2817.08	
2232	2837.90						945.97		
2233								35.30	8239.15
2235							119.46	7242.09	494.47
2238							223.13	121.62	2767.00
2242	1752.54		1907.61	927.90			217.77		1549.98
2243				496.49		161.79	610.51		1868.91
2244				351.60			74.39		504.67
2245							4.70		
2246	10325.17						15118.52		
2247							2801.62		3680.35
2248							4770.54		
2249							1945.64		2807.73
2250							5783.83		8242.93
2251	1767.74						3479.48		2912.18
2252	6896.41						9231.56		750.72
2253	7290.08						5143.83	3866.30	779.57
2254	5155.13						16.92	5155.13	2737.03
2255	7640.23						1167.77	6946.75	2968.04
2256	4259.09						8318.39	4182.93	2699.12
2257	3227.48						4414.49	3227.48	649.85
2258	8646.46						723.20	8646.46	
2260							6.76		
2261	3818.94		1725.11	1471.23		22.44	11228.72	388.70	527.24
2262				560.74		3634.01	4964.58		6429.64
2263							1670.47		
2264	388.72		1435.72	1106.17		1570.21	10114.87		2002.54
2265				1281.50		331.75	3518.42		3123.63
2266	1221.01		1379.01				1966.13	1357.54	
2267	2943.81		2943.81	5556.40		10.64	2365.29	112.11	2272.56
2268				394.67			547.40		
2269	85.96		85.96	7101.33		85.96	8906.71	85.96	922.98
2270							88.73		
2271							174.32		409.79
2272							515.70	5497.49	457.42
2273								8333.24	
2274								6016.06	
2275				9.49			9.49		
2277	2421.01		2826.59	2421.01				2780.36	
2281								55.64	
2282				70.28			1429.49		
2283		11.79	6378.36	331.39		6366.57	2658.31	6378.36	
2287			4666.58			4666.58	438.15	4666.58	
2288	3024.29		877.29			1427.17		3901.58	
2289			4210.53			4210.53	1456.48	4210.53	
2290	91.72		8221.00			9069.22	3710.79	8221.00	
2291	1945.06					1772.70	430.96		3130.39
2292			2426.40			2426.40		2426.40	1906.28
2293		2021.39				8568.58	7714.53	4358.30	4624.61
2294							2164.35		
2295	1203.70	879.27	7225.01	938.12		9214.99	4334.36	8104.28	2284.49
2296							891.84		7081.98
2297	2454.64						3810.57	3810.82	342.31
2298	2920.63							2920.63	629.27
2299									8195.89
2300	0.70			288.42		1004.15	107.98	314.56	5835.08
2301	9854.02		4658.53	8909.52			6397.72	7458.50	
2302	9142.49		6772.65	10687.96		1719.57	9482.89	6101.34	2996.39
2303			1551.89				75.50	8932.06	
2304	5608.39		4252.28	5608.39			5307.11	4252.28	1388.72
2305	2423.90		2423.90	2512.67		1594.76	974.37	2423.90	2242.89
2306							15741.67		
2307	7161.49	4440.33	10622.19	11464.04		6.38	3778.04	10759.98	
2308							1275.66		6187.91
2309	3667.58	19.83	19.83	717.62		1997.70	755.93	2083.49	6823.60
2310	6878.96	267.59	7092.40	7092.40			3228.96	7092.40	220.49
2311									3077.67
2312							860.94	659.61	5775.48
2313			2537.69				1005.25	2537.69	1480.66
2314			4414.78				2126.25	4414.78	481.88
2315				6.99		611.95	110.77		10630.17
2316	7691.71		10628.24	10647.59			6376.72	4931.81	
2317	8215.29		5858.59	8167.24		42.78	4667.24	3590.82	
2318	8850.59	1339.27	447.85	6714.94			6056.53	183.84	2387.87
2320	77.32		1570.21	7983.56			7915.20		
2321	7742.11			4012.83			3729.28		
2322							2043.34		6621.28
2323									4142.33
2324			10.46	4337.30			1499.27	981.45	3473.04
2325	1988.57		4770.71	6642.63			6655.24		
2327	13679.28		11185.16	2328.54		8334.29	1083.23	10834.67	3713.22
2328	9010.09		9010.09	5906.07		9856.63	6708.40	9664.96	1263.77
2329	5757.12		5757.12	6681.46			5672.25	5757.12	1273.18
2330	5124.57		5124.57	5950.26		1625.79	1878.19	5124.57	2091.27
2331	9836.80		9575.16	2991.86		9133.20	3359.81	9836.80	722.72
2332	539.86		693.92	539.86			693.92		
2333	3193.61			3193.61			3193.61		
2342						2060.26	1361.00		1456.50
2343						7351.15	3269.85	476.13	3484.26
2350							2630.33		
2352							53.95		
2414							333.14		
2451						3045.65			3056.69
2458							4978.37	2734.03	4571.46
2459							396.88	2744.60	1500.99
2462			33.00				617.74	33.00	
2466			25.81				955.92	25.81	
2467	7435.22		306.61				7741.83		
2468	1518.09						1435.16		
2469	37.24						738.38		
2470	1402.96						4318.92		
2472	3787.64			1893.82			917.13	976.69	
2473							869.97		
2474	40.87						40.87		
2475	1228.09		10013.23	3145.31			1242.89	10013.23	
2476			20.85				1250.38	20.85	
2477	10037.44						10262.75		
2479	275.35		3211.66				2342.44	3211.66	
2480							1693.54		
2482	2.78						974.20		
2483			7407.07				3706.09	7407.07	
2485	4180.60						83.13	4097.48	
2486							382.58		
2487	61.76		3543.27				307.47	3605.03	
2488	2040.86		21.00					2061.86	
2489	2358.87						7893.92		
2492	7722.07						7722.07		
2494							218.02		
2498	1030.42						2341.53		
2502							6855.87		14117.13
2530							5448.34		
2532	1112.99						1981.25		
2533							7956.73	480.62	2358.44
2534	1491.73		4145.72				3967.51	5261.78	4511.66
2537							2530.01		
2538			3856.89	2432.09			6593.40	229.50	1195.31
2543			2199.53				61.23		2182.59
2549			10109.47	6837.59			2101.72	10109.47	324.82
2554	26.12		154.71				26.12	154.71	
2556	170.79	627.48	7243.40	6721.97		0.15	4730.81	6414.91	
2557			6296.64	6296.12			3418.72	6421.16	7409.48
2558							3197.07		2713.08
2559	546.99						342.90		567.20
2562	2135.11						2835.42		
2563	5574.38						7261.47		
2564	641.07		3531.78				2051.94	3531.78	
2565	1625.94		7229.79	2.07		18.36	2767.71	7339.11	1329.13
2566	9196.10		7984.18	605.88		7984.18	590.97	8398.31	
2567							3943.49		
2568	10422.09		8448.03	1956.54		8448.03	4992.02	10404.57	
2570	1183.67		1185.82			1185.82		89.28	1096.54
2571							1602.38		
2573							2107.23		211.28
2574	5542.78		5542.78					2723.40	2819.38
2576	383.00	383.00					3032.23		
2578				5620.77			16651.17		
2583	3194.35		3199.03						3199.03
2584							274.21		
2585	14047.84						1896.50	7489.89	
2586	14264.78	618.09					2501.89	7450.44	
2587	6978.58	6614.86					4970.94	6747.05	2311.78
2589	72.70						1181.35		
2592	2652.96						3434.65		
2593			4453.04				4015.16	1142.35	
2594	3334.42		5728.41				5794.71	5728.41	
2595	9390.39						3004.47	9301.45	
2600	6247.79						7552.83		
2601							214.35		397.26
2604									4558.62
2605							1879.92		3101.80
2606							1516.04		2752.42
2609	1333.82		4712.21	3432.00		2614.04	5883.96	4712.21	
2610	3384.73			3380.26			3225.81	4526.39	1331.60
2611	1530.54			1530.54			1377.38		3386.51
2612	5147.07						699.76	5147.07	
2613	1880.63		9569.13	10654.19			1436.99	9592.78	5296.73
2614			3222.12	3222.12			2874.39	3803.34	1768.68
2615	581.38		9253.87	9835.25			4501.03	8207.91	
2616	42.04	1363.64	3655.15	5060.83			1526.22	5018.79	
2617							7434.77		6609.33
2618	1285.51	3039.48		4325.00			2188.52	5542.42	3909.80
2619							3581.45		
2620	385.52						8179.19		
2621	1123.87	10122.43		10122.43			5658.35	10122.43	
2622	16.03	6096.59		6096.59			3803.18	6112.63	
2623	2886.52						3454.43	2251.37	1948.95
2624	23598.38		14129.28	7259.29		14129.28	13589.77	11315.75	776.11
2625	8919.01		5982.18	3472.18		4686.01	8618.57	1271.59	4732.22
2626	16975.92		5216.05	7443.45		5216.05	12994.27		
2627	6753.14	17.65	5730.16	943.44		5730.16	15748.93		
2628	5743.08		5555.36	1897.92		5743.08	13106.97		1821.99
2629	6464.89		4036.63	1714.64	15.76	4121.77	21122.11		180.99
2630							2894.58		1075.13
2631							2084.65		4215.68
2632							2310.61		3862.73
2633							2148.74	19.11	3204.53
2634							3879.82		3338.17
2635	4587.14		4587.14	2726.45		1860.69	2751.59	6459.05	2675.71
2636	4582.04		4419.73	162.32		4419.73	1696.20	4419.73	
2637	6698.64		6054.39	644.25		6054.39	1527.97	6054.39	
2638							1763.22		3372.30
2639									6004.17
2640							2607.13	1168.97	2611.44
2641							4104.79	4031.77	650.51
2642				4153.11				3454.86	2090.14
2643	2221.47			47.55		2516.36	3112.16	2473.64	4079.66
2644	30.12		1114.61	14.82		1861.30	1808.57	1594.67	5416.66
2645	5645.58		4639.59	710.79		2251.44	3350.01	4639.59	
2646	2327.83		2327.83			2327.83	3641.07	2239.30	
2647	3990.88		1385.19			1385.19	7061.60		
2648	4011.14	4011.14		1710.32			4666.02		
2649		2394.27		2394.27			5518.92	2394.27	1209.21
2650	991.60	8001.79		8972.24			422.51	8972.24	
2651	4072.01			1631.39			4893.10	1851.11	
2652	840.96	2926.93		3659.03			101.45	3659.03	
2653	4655.68		844.17	3229.15			3698.17	2228.81	
2654	7544.59		4501.65	7544.59			5602.44	3543.01	
2655	1376.19			1376.19			6461.05	754.29	1930.58
2656							4144.19		
2657							7881.13		
2658	3930.89		4112.59	788.89	3142.00			3930.89	
2659	562.75							281.38	
2660	10218.37		3846.36		2594.56		2165.08	5257.15	856.63
2661	5956.04			5398.84			9186.98		
2662	7824.71			3912.35			3912.35		
2663	17551.53			4432.60	4343.16		4427.20	1799.65	6624.12
2664	2258.17		2245.72		2251.95		3076.62	3720.17	4760.14
2665	3722.02		3722.02		3722.02		66.84	3664.46	
2666							4139.75		
2667							11425.24		
2668							2350.66	2122.44	4009.12
2669	2085.78		2085.78		2085.78		1055.95	7435.46	
2670	3239.78	3239.78					1692.80	3412.39	2285.36
2671	2822.41	2715.20		1763.97		2153.47	2423.61	2791.97	372.15
2672	5205.70	1359.21	3846.49			5205.70	2622.59	5205.70	
2673	3607.04		3607.04	3607.04			9505.75	3607.04	1579.29
2674				926.16			1204.06		4746.47
2675	6830.32		4170.33	6605.54				5500.32	1105.21
2676	3125.65		3080.14	22.76	3080.14			3102.90	
2677	3194.28		2376.83		2785.56		4937.96	2785.56	
2682	8472.05			725.67	3510.35		773.72	3510.35	
2683				278.07		2675.22			
2684	8212.26		2918.73	2646.18		4427.12		4707.35	1753.29
2685	3017.93		2601.34				5260.38	6692.12	3168.53
2686	9314.07			1527.25			4694.86	6358.04	1749.52
2687	18916.85			7910.99	3287.41		11544.72	3287.41	
2688	4361.25			2295.43			3723.83		
2689				2.14			1379.43		
2690	11857.06			5928.53			9880.52		
2691	6321.68			738.75	3117.54		86.59	3117.54	
2692	8691.79			5571.12			7748.49		
2693							1420.09		
2694				1762.94			1762.94		
2695	4893.03		4893.03	4761.83		144.68	13.48	4893.03	
2696				1383.83		3257.64	11.60	2451.38	2549.67
2697							4877.67		1577.69
2702	63661.48			19949.17	12603.88		27965.66	4587.38	
2704									1904.21
2705	2086.37						2198.35	2545.70	1231.52
2706	5130.54						1413.09	402.59	8566.28
2707							2184.31		
2708							680.52		
2710							179.74		
2718	4.04		4.04	4.04			261.67		
2726			4115.51				2167.11		7458.15
2727			6716.09						6377.48
2728	6844.89						6844.89		
2747									8051.18
2749	16.39						16.39		
2752			7292.08				272.90		7732.01
2753	2559.42		935.56				2874.87	1620.72	5140.64
2754			7562.30				1273.26	1127.07	8481.27
2755	117.71		5477.23				1562.55		10639.79
2756	9116.95						9116.95		
2757	3197.96						279.52		3686.06
2758	570.12		3190.45				187.36	3190.45	911.45
2759	445.31		2060.40				412.06	2093.65	
2760	2850.43		1633.56				895.26	22.49	6692.57
2761	3234.31								3234.31
2762	6674.97						2776.73		3962.56
2763	5146.64						209.17		1808.18
2764	1015.62	1871.48					981.09	2531.10	65.48
2765									1223.62
2766	6039.98		6502.59				3393.71	847.77	17425.03
2767	1848.51		6431.88				1414.96		10341.22
2768	173.69		6107.65				608.50	4159.81	6604.80
2769	89.46		7368.26				89.46	368.94	7912.09
2770	464.88		3758.58				639.89		4291.46
2771									2541.70
2772	452.28		5295.06				1411.32		5618.43
2773	2653.69	458.32	4146.41				342.87	225.73	6689.82
2774							1294.63	612.68	6322.59
2775			4274.05				2107.25		5530.94
2776	1221.09						365.98	938.31	1174.52
2778	2061.96								3342.98
2779	2805.10	799.13					2541.06	2152.04	2504.22
2780								703.36	3860.92
2781							1007.38	124.94	2845.15
2782	25.62		2201.32				4939.51	1295.48	828.09
2783	651.78		4834.13				1954.36	5436.93	3929.01
2784			4338.00				220.06	6146.14	
2785	2188.94		7264.60				536.77	2904.66	8877.04
2786	30.29		6102.49				497.30	6095.41	1115.42
2787	1180.11		4298.10				2362.78	5800.32	
2788			3445.44					4640.26	2337.84
2789	901.79		1727.74				548.48		3395.95
2790							4918.76		270.57
2791	863.44		6051.27				2990.35		9122.04
2792									1717.87
2793			3120.25						3137.01
2794			6527.59					2101.26	4426.33
2795			2772.37					2772.37	
2796	1178.63		214.44				1644.65		1572.40
2797			3582.85				3716.02		3582.85
2798			7043.14				2025.10	775.16	7071.63
2799							606.15		2580.99
2800	914.55	307.74	1926.00				1458.65		3780.63
2801	4309.53		1314.80				807.25		4833.44
2802	16.87		8223.76				10.85		8240.64
2803	541.42	559.23	5825.18				599.53	6377.09	1742.43
2805							281.82		
2807								2485.25	
2808									914.04
2809								2567.33	
2810							138.69		
2811							518.03		
2812							1158.46		
2813								709.23	
2814	584.82							584.82	
2816	4294.94						4294.94		
2823	9.17							9.17	
2824								24.04	
2827							8.73		
2830								17.70	
2833								25.39	
2835			4.92				4.92		
2838							234.68	2430.06	
2839							2.51	733.21	
2844	6.67						6.67		
2845							421.92	1092.65	
2846	16.31						16.31		
2847	13.14						11.81		1.33
2849	11.07	664.59	237.19				570.81		342.04
2850	0.56	5.36					0.56	5.36	
2852		1540.92	1123.59					324.25	2340.26
2853	762.39							477.53	2648.30
2854								1353.63	
2855	1750.85		2511.68				259.11	739.27	4733.05
2856							569.94	272.74	3404.61
2859	906.82		2099.29				758.33	3060.65	294.80
2860	2813.01							243.13	3039.44
2861	765.27						1331.87		
2869	0.33						0.33		
2870	517.03								
2872							281.56		
2873							267.95		
2874	9.02						442.17	8.06	
2875	1394.16						441.76	952.41	
2876							488.28	2914.80	1763.34
2877	160.31						2422.97		
2879	196.41						1297.28	61.42	519.95
2880							11.37	443.71	
2881								2351.38	
2882							1.31		1441.69
2884	2874.02		3008.69	3008.69					3008.69
2885	60.01								
2886				66.81					
2889	44.04						44.04		
2891	95.38								
2893	795.70						795.70		
2894	442.71						442.71		
2895	194.39						194.39		
2902	2125.13		1190.17	4032.40	1778.04	2671.24	7983.74		11354.32
2903	1.53		6413.25		1.61	7024.76	3816.48	112.43	7116.84
2904			9370.96			9380.78	352.79		9380.78
2905	41.75						41.75		
2906	1183.60						172.57		
2909				16.22			201.55		
2910	213.62		2217.07				883.30		2218.89
2911	153.24		13656.26	8573.28			1631.16		13656.26
2912							330.81		
2915	634.53		11567.02	1393.91		10371.97	1161.22		11567.02
2916	17.85						4342.61	3267.64	8574.93
2917							17169.12		2612.15
2918	7844.26			104.08			695.58		7148.68
2919	3503.23						1690.99	3255.20	
2920	1095.73						7630.92		
2922	6700.20			6.59			3590.43	3028.81	
2923	1569.89			1569.89			1569.89		
2924	30.22	9647.00		9647.00				9677.22	
2925	2.07	4487.62		4489.69				4489.69	
2926	3237.67						2403.80	3258.45	
2927							1242.06	881.85	
2928							681.70		
2929	265.72	6097.61		6363.33			1116.73	6097.61	
2930							6041.29	1367.63	2795.33
2931							3697.55	0.31	
2932							5214.68		
2933	2976.61	33.78		398.34				3010.39	
2934	4958.67						967.36	4742.79	1931.44
2935		1672.67	3182.06	4854.73			815.54	4854.73	
2936	184.63	8.54		457.88			4562.43	2985.46	965.60
2937							4922.74	3232.17	1957.74
2938	22.17		2377.26	2380.08					2499.43
2939							257.33		1247.18
2940	2112.41		3658.00	5569.83		4615.84	2849.99	957.84	7582.80
2941	567.89								5094.93
2942	2791.29			2789.54			1507.80		5840.72
2943							2085.27	5790.57	
2944								55.55	
2945	3419.62		2583.44				175.68	2501.56	8170.51
2946	166.84		6958.89	310.45		6852.02	291.17		6871.29
2947	314.90		4858.06	3124.25		4858.06	1456.63	1578.63	4858.06
2948			8613.30	2650.84		5962.47	447.10	4836.98	3789.52
2949	462.39		6834.14	4401.85		2858.66	2231.26	7284.18	
2950		5936.41		5917.71	18.70		614.63	5936.41	
2951	733.14	1908.98		32.32	2642.12		1708.57	1908.15	
2952	3020.34			3013.98	6.36		4943.23		
2953							868.76		
2955							74.71		1709.34
2957				620.23			553.73		
2961	2842.69			1948.67			7166.81		
2962							1924.56		
2963							233.11		
2965				26.00			26.00		
2966							185.86		
2970							928.42		
2974							749.80		