Model.catch	axis1	axis2
Des Moines	0.90826	0.54887
Fauntleroy	0.5751	0.44546
Fortson	-0.12119	0.14044
Longfellow	0.67729	0.48462
Pipers	0.63421	0.84462
Thornton	0.65446	0.79793
9	-0.69615	-0.2736
10	-0.61084	-0.2542
14	-0.53966	-0.31633
17	-0.44701	-0.41732
20	-0.47125	-0.33231
22	-0.23635	-0.5525
24	-0.36611	0.5494
25	-0.42979	-0.16904
31	-0.2643	0.40376
33	0.49669	0.22307
37	-0.28071	0.31803
42	0.4257	-0.23985
45	-0.51958	0.29377
48	-0.06485	0.56194
49	-0.0706	-0.62075
51	-0.52157	0.36397
52	-0.51147	0.17857
54	-0.84871	0.01408
55	-0.61262	0.53287
56	-1.03366	0.1641
57	-0.49861	0.68349
58	0.39436	-0.34414
59	-0.23507	0.29389
61	-0.21	-0.62612
63	-0.00172	0.51083
64	-0.22193	0.34822
65	0.041	-0.32565
67	-0.02859	0.07536
68	-0.28192	-0.04062
69	0.19403	-0.93974
70	-0.9675	0.12072
71	-0.57372	0.45017
72	0.04025	0.23238
73	-0.46398	0.53127
74	0.22672	-0.96859
75	0.22033	-0.97687
76	0.00557	0.14319
77	0.15646	0.06639
80	0.23042	-0.98694
81	-0.51138	-0.32991
83	-0.25577	0.14255
84	-0.38044	-0.05995
85	0.22637	-0.9882
86	0.23158	-0.98677
87	-0.47964	0.24736
88	-0.41783	0.16708
89	-0.49084	0.25342
90	0.22563	-0.9879
92	0.23092	-0.98718
93	-0.35083	0.25365
94	0.1483	0.58197
95	-0.0817	-0.70214
99	-0.27197	0.29289
100	-0.37322	0.4167
101	-0.47551	0.41343
102	-0.21716	0.70158
103	-0.74448	0.50222
104	-1.14555	0.58479
105	-0.24717	-0.16683
106	-0.54414	0.1086
107	-0.2899	0.26627
108	-1.06392	0.36181
109	0.38987	0.07654
110	0.67231	0.46003
111	-1.62613	0.55038
113	-0.10669	0.29483
114	-0.38164	0.46818
118	-0.45168	-0.2773
119	-1.0176	0.85562
120	-0.15048	0.06825
122	-0.16999	-0.15001
123	-0.04466	-0.53494
125	-0.38154	0.63029
126	-0.09137	0.45943
127	0.48691	-0.39785
128	-0.24912	0.78017
129	0.2644	0.4745
130	-0.47068	0.13274
131	0.15113	0.12603
132	0.23102	-0.98711
134	0.23024	-0.98781
135	-0.00089	-0.69005
136	-0.05961	0.3617
137	0.48702	0.15348
140	0.01918	0.70836
141	0.23365	-0.98683
142	0.22274	-0.98807
144	-0.41891	0.00369
145	-0.35225	0.17958
146	0.47408	-0.10108
147	-0.1082	-0.45066
148	0.22701	-0.9882
149	0.23193	-0.98761
150	-0.24525	0.03001
151	-0.59207	0.27862
152	-0.48786	0.30883
154	0.23043	-0.98685
157	0.2332	-0.98696
158	0.22666	-0.9875
160	0.22734	-0.98746
161	-0.74763	-0.07468
162	0.08005	0.0637
163	0.06615	-0.81361
164	0.22824	-0.96915
165	-0.84278	0.53728
166	0.09479	0.19713
167	0.23248	-0.98671
168	0.22571	-0.9881
171	0.23087	-0.98682
172	-0.37828	0.75019
173	0.98687	0.06215
174	-0.61638	0.01607
175	-0.42357	-0.27087
176	-1.36062	0.3916
177	0.22979	-0.98782
178	0.22774	-0.98727
179	-0.62552	0.31791
180	0.22811	-0.98747
181	0.23185	-0.98726
182	-0.03089	0.62642
183	0.23295	-0.98735
184	0.56664	0.3011
185	-0.26534	0.45578
186	-1.28979	0.51985
187	0.23006	-0.98792
188	0.22284	-0.98795
191	0.22658	-0.98818
192	-1.57427	0.53274
193	0.22748	-0.98818
194	0.2259	-0.98784
195	0.08823	0.45842
196	-1.01404	0.14856
197	0.05941	0.13952
198	0.23029	-0.98714
199	0.2751	-0.92588
200	0.23139	-0.98684
201	0.23267	-0.98745
202	0.22804	0.41854
203	0.23086	-0.98746
204	-0.25624	0.24543
205	-1.17307	0.27167
207	0.53549	-0.01342
208	0.6023	-0.43687
210	0.18533	0.53677
211	0.23172	-0.98675
212	0.40342	0.07644
213	0.23043	-0.98789
214	0.22797	-0.98816
215	0.33324	0.48686
216	0.67271	0.03279
217	-0.09564	0.55178
218	0.2322	-0.98672
220	0.49172	-0.08232
222	-0.0272	0.25785
223	0.27522	0.67244
224	0.21016	0.46091
225	-0.34544	0.67644
226	-0.92263	0.8942
227	-0.67947	0.3623
228	0.48747	0.08968
229	0.2333	-0.98696
230	0.35171	-0.55117
231	0.22283	-0.98806
232	0.23229	-0.987
234	0.22832	-0.98804
235	-0.48805	-0.2106
237	0.74294	-0.61303
238	0.22667	-0.98796
239	0.23353	-0.98717
240	0.22665	-0.98765
241	0.22571	-0.98785
244	0.16681	0.50711
245	-0.09637	0.38974
246	-0.45444	0.38295
248	0.51692	-0.65125
249	0.23165	-0.98677
250	0.5236	-0.17328
251	0.2258	-0.9878
253	0.53464	-0.30769
254	-0.51639	-0.3241
255	-0.45741	-0.40402
256	0.14789	0.34819
257	-0.22264	-0.09662
258	0.22826	-0.98738
259	0.23384	-0.98688
260	0.2339	-0.98698
261	-1.45253	0.42629
262	0.23024	-0.98725
263	-0.16727	-0.41793
264	0.051	0.36785
265	-1.47867	0.59903
266	0.35915	-0.19208
267	-0.04268	0.23006
269	0.40972	-0.55113
271	-0.1091	0.481
273	0.22889	-0.98707
275	0.53422	-0.32687
276	0.54932	0.12783
277	-0.33061	0.49767
278	0.50793	-0.0819
279	-0.75252	-0.08487
280	0.22965	-0.98696
281	-0.13995	0.25649
282	0.3603	-0.44567
283	-0.96651	0.12029
284	-0.44041	0.19319
285	0.17724	0.45187
286	0.11097	0.62962
287	0.41743	-0.29794
288	0.23171	-0.98705
289	0.4788	0.01928
290	0.2948	0.60237
291	0.14407	-0.90687
292	0.23101	-0.98689
295	-0.10195	0.41497
296	0.22629	-0.98798
298	0.25709	-0.82659
299	0.60213	1.48349
300	0.08304	0.44219
301	0.18565	0.65957
303	-0.55984	0.53347
304	0.05137	0.6766
305	-0.28663	0.02276
306	0.24787	-0.82411
308	0.22625	-0.98809
310	0.29957	-0.38587
311	0.4863	-0.17871
312	-0.61846	0.14556
313	0.11687	0.27573
314	0.55275	1.09061
315	0.22726	-0.98807
316	0.05123	-0.85455
317	0.22561	-0.98806
319	-0.52027	0.51945
321	-0.7202	-0.12455
323	-0.42295	0.74389
324	0.22988	-0.98758
325	0.37037	-0.45774
328	-0.0915	0.36114
329	-0.151	0.57497
331	0.16438	0.3316
332	0.22736	-0.98734
333	0.22908	-0.98706
334	0.23179	-0.98764
336	0.23137	-0.98724
337	0.5627	0.82096
338	0.23224	-0.98725
339	0.02334	-0.82482
342	0.22903	-0.98807
343	-0.50298	0.40142
344	-0.05051	-0.15056
345	-0.39203	0.24431
346	-1.20295	0.41312
347	0.17298	-0.01518
353	0.3388	0.3204
354	0.23226	-0.98686
355	-0.1781	-0.54496
356	0.43981	-0.22079
357	0.23313	-0.98671
358	0.46305	-0.11662
361	0.29001	-0.65548
364	0.32943	-0.77322
365	0.18612	-0.96978
366	0.2284	-0.98794
367	-0.07446	-0.12629
368	0.62235	-0.07734
369	0.2322	-0.98747
370	0.73389	-0.42556
372	0.52279	-0.32147
373	0.43687	-0.17747
374	0.39323	0.50554
375	-0.47782	-0.38354
376	0.5165	0.33745
377	0.42227	-0.287
378	0.23376	-0.98679
379	0.67671	0.91594
380	0.59258	0.1684
381	0.22792	0.33272
382	0.59641	0.24298
383	0.06131	-0.8382
385	0.55561	0.16145
387	0.17595	0.50304
390	0.16934	0.50262
393	0.23083	-0.98707
394	-0.06829	-0.74379
395	0.6313	1.19978
397	0.1684	-0.03684
399	0.26551	-0.72032
400	0.48299	-0.13932
403	0.50321	-0.30254
404	0.23001	-0.98692
405	0.22787	-0.98788
406	0.22904	-0.98722
410	0.42119	-0.20458
411	-0.61912	-0.23498
412	0.22772	-0.98778
413	0.23297	-0.98672
415	0.15318	0.21332
416	0.54354	0.01694
417	0.24583	-0.85055
418	0.42491	-0.24691
419	0.5037	0.00316
421	0.22869	-0.98779
423	0.64315	0.98269
424	0.23062	-0.98784
425	0.23039	-0.98745
426	0.33326	-0.51754
427	0.43262	-0.17362
429	0.29136	-0.76122
430	0.28634	0.2552
432	-1.04241	0.16813
433	0.23069	-0.98759
434	0.22937	-0.98794
436	0.28194	-0.78284
438	0.40274	-0.33553
439	-0.2672	-0.55387
442	0.41727	0.11298
445	0.22607	-0.9881
447	0.22703	-0.98742
449	-0.3009	-0.26182
450	-0.12216	0.07897
451	0.30102	-0.71348
456	0.23019	-0.98757
457	0.19896	-0.22231
458	0.31869	-0.59785
459	-0.40586	-0.44797
460	0.08603	0.2427
461	-1.12699	0.27
463	0.68388	0.50863
464	0.41186	-0.48325
465	0.22684	-0.98769
466	0.23288	-0.98712
468	-0.52055	-0.32734
469	0.22978	-0.98705
470	0.22941	-0.98759
471	-0.28433	0.31864
474	0.38881	-0.38272
475	0.54265	0.4031
476	0.23205	0.4156
478	-0.62958	-0.18516
479	0.23049	-0.98713
480	0.23006	-0.98699
481	0.23281	-0.98721
482	0.23172	-0.98723
483	0.05914	0.24145
484	0.23472	-0.91021
485	-0.13256	0.20612
487	0.24432	0.47508
488	0.2308	-0.98783
489	0.22776	-0.98741
490	0.13863	0.20105
492	0.22616	-0.98773
493	0.22639	-0.98802
495	0.50382	0.31513
498	0.19192	-0.03582
500	-1.42539	0.41866
501	0.22893	-0.98808
502	0.22714	-0.98745
503	0.57082	0.08325
506	0.6809	0.52579
507	0.7559	0.43009
508	0.43564	-0.15091
509	0.69584	-0.17397
510	0.2288	-0.98707
511	-0.77913	-0.05648
512	0.2027	0.38876
517	0.45708	0.62504
518	0.23223	-0.98712
519	0.15561	-0.33177
520	0.22635	-0.98783
521	0.99953	0.06916
523	0.22998	-0.9878
524	0.26275	-0.53593
527	0.23281	-0.98695
528	-0.14824	0.02421
529	0.38237	0.48242
531	0.53502	0.45181
532	0.5387	0.41878
533	-0.17953	0.05549
534	0.12361	0.46555
535	0.22803	-0.9872
536	0.06593	0.47555
537	0.23079	-0.98756
539	0.09488	0.47151
540	0.22859	-0.98743
541	-0.66802	-0.16668
543	0.22644	-0.98812
544	0.22911	-0.98771
545	0.23232	-0.98673
546	-0.69476	-0.14905
547	0.23033	-0.98753
548	0.2296	-0.98774
550	0.03551	0.64876
552	0.22808	-0.988
553	-1.57389	0.53629
554	0.2321	-0.98747
555	0.22879	-0.98789
556	0.22693	-0.98755
557	-0.88086	0.05244
560	0.07438	0.64298
561	0.91267	0.24938
562	0.23252	-0.98685
563	-0.31124	0.26839
564	-0.04936	-0.76499
568	0.55505	0.37694
569	0.58174	0.36879
570	0.06464	0.52567
571	0.55117	0.69311
572	-0.93206	0.08858
573	-1.62611	0.55045
575	-0.64886	-0.20171
579	0.09837	0.35934
580	0.22638	-0.98768
583	0.24972	0.54605
584	0.22661	-0.98785
585	0.22591	-0.98776
586	0.22956	-0.98715
587	0.75917	-0.0008
588	0.23349	-0.98697
590	-1.56227	0.50202
591	-1.62627	0.55
592	0.23248	-0.98746
593	0.22707	-0.98819
595	0.702	0.12574
596	0.23311	-0.98731
597	0.53194	0.25784
598	0.67185	0.02492
600	0.22277	-0.98804
601	0.23028	-0.98687
602	0.22784	-0.98756
603	0.30258	0.37889
604	0.23261	-0.98671
605	0.22675	-0.98811
606	0.14731	0.63512
607	-1.57618	0.53433
608	0.35341	-0.50093
609	0.22825	-0.98813
610	0.22576	-0.98783
611	0.01934	-0.82956
612	0.41457	0.44999
613	-0.34931	-0.50626
614	0.23113	-0.98768
615	0.23151	-0.9873
617	-0.31921	-0.53436
618	-1.61396	0.54836
619	0.2942	0.34047
621	-0.3486	0.38256
622	0.22653	-0.98792
623	0.73718	-0.05651
624	0.18103	0.44754
625	0.2263	-0.98819
627	0.23389	-0.98685
628	-0.4194	-0.44102
629	-0.96685	0.12054
630	-1.21964	0.29031
631	0.22875	-0.98802
632	0.53991	0.63138
634	-1.62452	0.54964
635	0.22567	-0.98788
636	0.43264	-0.24478
637	-1.49345	0.46703
638	0.23187	-0.98751
639	0.23364	-0.98713
640	0.22854	-0.98799
641	-0.6865	-0.15837
642	0.22282	-0.98776
643	0.52955	0.57907
644	0.22625	-0.98763
645	0.15881	0.40831
646	-0.44968	0.26906
647	0.23353	-0.98674
648	0.24281	0.08688
649	0.22751	-0.98802
650	0.73576	0.53955
651	0.23393	-0.98688
653	0.2366	-0.98623
654	0.22731	-0.98817
656	-0.56584	0.3619
657	0.22861	-0.98767
658	-0.08918	-0.73216
659	0.01686	0.56755
660	0.56253	0.07447
662	0.23141	-0.9877
663	0.23302	-0.98684
664	0.23098	-0.98773
665	0.20196	0.31727
667	-0.12278	0.40874
668	0.04139	0.46697
669	-0.02817	0.35719
670	0.23206	-0.98688
671	0.22948	-0.98775
672	0.23163	-0.98742
673	0.77773	0.2581
674	0.23127	-0.98739
676	0.22803	-0.98757
677	0.22558	-0.98801
678	0.2228	-0.98807
680	0.22888	-0.98718
681	0.11169	0.29856
682	-0.13853	0.37177
683	-0.17549	-0.45882
684	-1.57399	0.53358
685	-1.18633	0.28266
686	-0.79083	0.4809
687	0.16307	0.49768
689	0.23381	-0.98681
690	0.23665	-0.98622
692	0.2269	-0.98782
693	0.37171	-0.40362
696	-0.66559	0.55759
697	0.43797	-0.16453
698	0.34858	0.16676
699	0.23111	-0.98722
700	-0.11965	0.49986
701	-0.42105	0.16537
702	0.01762	0.5308
704	-0.30804	0.85675
705	0.45235	-0.15691
706	0.1815	-0.0888
707	-0.13885	0.6343
709	0.13164	0.47721
711	0.58149	0.22645
712	0.24548	-0.88315
713	0.22827	-0.9879
714	0.23063	-0.98695
715	0.60584	0.8891
716	-0.10592	0.61107
717	0.02298	0.49805
718	-1.44569	0.42629
719	0.41752	-0.74075
720	0.23131	-0.98678
721	0.23665	-0.98614
722	0.25583	0.76862
723	0.20737	0.73946
724	0.07919	-0.33099
726	0.15786	-0.59149
727	0.22682	-0.98745
728	0.05235	-0.8562
729	-1.55791	0.55745
730	0.42494	-0.28551
731	0.22686	-0.98808
733	-1.49545	0.59724
734	0.22809	-0.98733
735	0.40653	-0.85283
736	-0.02555	0.25859
737	0.4348	-0.322
739	-1.58411	0.54452
740	-0.39872	0.19915
741	0.22909	-0.98789
742	0.3815	-0.49735
743	0.22604	-0.98778
744	0.2294	-0.98717
745	0.12399	-0.49109
747	0.2372	-0.97373
748	0.58316	1.08688
752	0.07614	0.12622
753	0.23359	-0.98676
754	0.23177	-0.30237
755	-0.10488	0.63091
756	0.52681	0.38528
757	0.23123	-0.98765
758	0.22887	-0.98744
759	0.23662	-0.98622
761	0.45737	-0.14365
762	0.086	0.47089
763	0.23666	-0.90975
764	-1.00603	0.23704
766	0.21411	-0.94339
767	0.22676	-0.98748
768	0.10767	0.71529
769	-0.00777	0.43242
770	-0.35971	-0.02819
771	0.35096	-0.63508
772	-0.47234	0.51513
773	0.23055	-0.98776
774	0.37024	-0.44915
775	-0.97486	0.30897
776	0.61784	0.86518
779	-0.79982	-0.03219
780	0.98731	0.51428
781	0.22584	-0.98789
782	0.55556	-0.17426
784	0.00767	0.15184
786	0.22834	-0.98814
787	0.23011	-0.9869
788	0.21929	-0.98481
791	0.23337	-0.98707
792	0.2397	-0.98226
793	0.35655	-0.59308
794	0.21805	-0.97882
795	0.22798	-0.98742
796	0.55597	0.88064
797	0.57641	0.0727
801	0.28949	-0.69138
802	0.52954	0.338
804	0.58781	-0.21217
805	0.52517	0.05428
806	0.27529	0.19227
808	0.20473	-0.89793
809	-0.32501	0.21261
812	0.22756	-0.98812
813	0.23194	-0.98715
814	0.61879	0.6051
815	0.25225	-0.76961
816	-0.03857	-0.55145
817	0.54204	0.91364
818	0.5514	0.25149
819	0.22489	-0.94337
821	-1.09332	0.22482
822	0.07175	0.36675
824	-1.02082	0.2639
825	0.44071	-0.22814
826	0.27687	0.33582
827	0.23125	-0.98724
830	-0.76886	-0.06268
831	-0.07269	-0.74719
832	-0.01868	-0.78945
833	0.2926	-0.68638
834	0.0092	-0.40914
835	0.22671	-0.98753
836	0.23109	-0.98778
837	0.45507	-0.50568
838	0.25882	0.29256
839	0.17985	-0.49205
841	-0.99714	0.19167
842	0.23386	-0.98682
843	0.23226	-0.97162
845	0.38342	-0.77488
846	0.66195	0.74249
847	0.25834	-0.80568
848	0.3459	0.53051
850	0.22943	-0.98731
851	-0.82599	-0.01361
852	-1.04822	-0.90888
853	0.22953	-0.98753
854	0.2302	-0.98791
855	-0.89264	0.07331
856	0.3389	-0.60331
857	0.5966	0.78489
858	-0.2488	0.58824
859	0.2335	-0.9868
860	0.22717	-0.9882
861	0.2484	-0.82619
863	0.30539	-0.8732
864	0.38288	-0.51864
865	0.49011	0.17733
866	0.23128	-0.98755
867	0.22925	-0.98752
868	0.90016	0.16182
869	-0.06075	-0.74616
870	-0.34746	0.14916
871	-0.13675	0.23053
872	0.06212	-0.82235
873	-0.05812	-0.74157
874	0.53445	0.17562
875	0.2296	-0.98797
876	0.79905	0.74075
877	-0.08167	-0.17704
878	0.44198	-0.83991
879	-0.07311	-0.0246
880	0.22881	-0.98772
881	0.22669	-0.98816
882	-0.52102	-0.32254
883	0.23375	0.61922
885	0.22574	-0.98791
886	0.22873	-0.98728
887	0.51911	-0.2012
894	0.22615	-0.98819
895	0.23093	-0.98697
896	0.21778	-0.87892
898	0.04463	-0.84481
899	0.17708	0.4763
900	0.20444	-0.91438
901	0.22986	-0.98719
902	0.15143	0.35013
904	0.22591	-0.98801
905	0.22253	-0.8742
906	0.22891	-0.98794
908	-0.19082	0.54929
909	0.34088	-0.726
910	0.28825	-0.40321
911	0.22811	-0.96292
912	0.35735	-0.87234
913	-0.4306	-0.23658
914	0.1269	-0.87625
915	0.22786	-0.98817
916	0.31604	-0.57473
917	0.23264	-0.98724
918	0.58292	0.65087
919	-0.03124	0.13813
920	0.23738	-0.85582
921	0.47355	-0.16376
922	0.22985	-0.98771
923	0.02397	-0.78648
924	-1.63257	0.5518
925	0.22814	-0.98787
926	0.23093	-0.98736
927	0.2332	-0.98671
928	0.85037	0.32156
929	0.22567	-0.98808
930	0.22759	-0.98781
931	0.22989	-0.98796
933	0.06454	0.49593
934	0.31998	-0.89443
935	0.23011	-0.97014
936	0.22689	-0.98745
937	-1.57434	0.53246
939	0.2269	-0.98821
940	0.23376	-0.98697
941	0.01059	-0.82036
942	0.59986	0.19277
943	0.22996	-0.98729
944	-1.57419	0.53299
945	0.22664	-0.98821
946	0.23314	-0.98721
947	0.22886	-0.98731
948	0.22766	-0.98818
949	0.41917	-0.26055
950	0.57596	0.16658
951	-1.57406	0.53338
952	0.22601	-0.98786
954	0.2283	-0.9875
955	-0.50757	-0.35276
956	0.43396	-0.37776
957	0.50954	0.34881
958	0.22771	-0.98756
960	0.23325	-0.98719
961	0.22843	-0.98715
962	-1.60985	0.54521
963	0.64665	-0.10422
964	0.8674	0.18229
965	0.23242	-0.987
966	0.2314	-0.98758
967	-0.106	-0.9021
969	0.53951	0.24357
970	-0.17082	0.57106
971	0.22817	-0.98718
972	0.2334	-0.98694
973	0.09897	0.43519
974	0.43869	-0.23658
975	0.22948	-0.98707
976	0.23149	-0.98689
977	-0.14333	0.57964
978	0.32206	0.31672
979	-0.32115	-0.53224
981	0.54607	0.27257
982	0.50733	0.32422
984	0.23373	-0.98706
985	0.23242	-0.98678
986	0.53473	0.46334
987	0.50991	-0.05144
988	0.2326	-0.98744
989	0.14751	-0.93861
990	-0.00148	-0.81269
992	0.22797	-0.98723
994	0.2274	-0.98802
995	0.22799	-0.98785
997	0.22918	-0.98805
998	0.52877	0.45175
1000	0.23095	-0.98681
1002	0.2272	-0.98737
1005	0.34698	-0.77426
1008	0.23275	-0.98671
1009	0.22901	-0.98799
1012	0.29169	-0.91398
1014	0.23072	-0.98775
1016	0.40713	-0.30979
1017	0.64514	0.60082
1018	0.22564	-0.98803
1019	0.23013	-0.98709
1020	-0.49578	-0.36392
1024	0.22966	-0.98756
1025	0.30171	0.39918
1027	-0.47082	-0.16412
1028	0.25912	0.40608
1029	0.38703	-0.429
1030	0.22601	-0.98817
1032	0.22928	-0.98803
1033	0.22278	-0.98808
1035	0.30859	-0.71
1037	0.22724	-0.9882
1038	0.22572	-0.988
1041	0.22731	-0.98792
1042	0.59519	0.12989
1043	0.55858	0.2567
1044	0.5843	0.18144
1045	0.22831	-0.98777
1047	0.35342	-0.50072
1048	-0.19874	0.11993
1049	0.22994	-0.98709
1052	0.23058	-0.98747
1053	1.12822	0.3334
1055	-0.3911	-0.82576
1056	0.22839	-0.98734
1058	0.86051	-0.07604
1059	0.2281	-0.98814
1060	0.22941	-0.98698
1061	0.56434	-0.35479
1062	0.22993	-0.98692
1065	0.27578	-0.93207
1066	0.2308	-0.98729
1068	0.23023	-0.97048
1069	0.2453	-0.8478
1070	0.58566	0.69617
1073	0.42599	-0.84576
1074	0.23172	-0.98765
1075	1.57951	-0.39536
1076	0.52341	0.2033
1077	0.08562	-0.88067
1078	0.24063	-0.96338
1079	0.27362	-0.9378
1081	0.23226	-0.98676
1082	0.23068	-0.98738
1083	0.88588	0.50306
1085	0.32211	0.34501
1086	0.52332	0.57884
1088	-0.72684	-0.92128
1090	0.70184	-0.28797
1092	0.55604	0.70201
1093	0.03706	-0.51895
1094	0.22914	-0.98703
1095	0.23668	-0.98623
1097	0.49984	0.13847
1100	0.22967	-0.98799
1101	0.2261	-0.98793
1102	0.27614	-0.9297
1103	0.70441	-0.62766
1104	0.22776	-0.98811
1105	0.2271	-0.98738
1106	0.75278	0.64389
1107	0.23054	-0.95557
1108	0.23208	-0.98718
1109	0.23239	-0.98671
1110	0.77698	0.68093
1111	0.31947	-0.89659
1112	0.23279	-0.98732
1113	0.33128	-0.78075
1115	0.62571	0.34554
1116	-0.04745	0.37798
1117	0.26028	-0.83188
1119	0.22821	-0.96907
1120	-0.7464	-0.95468
1121	0.52046	-0.62332
1123	0.73166	-0.09026
1124	0.46113	0.52427
1125	-0.21792	0.19069
1126	0.23345	-0.98673
1127	0.32024	-0.89371
1128	0.51901	0.11137
1129	0.49794	-0.51037
1133	0.19792	-0.93253
1134	0.47016	-0.4318
1136	0.56309	0.89162
1137	0.49955	-0.34227
1138	0.19767	-0.9351
1139	-0.03531	-0.75706
1140	0.22791	-0.9881
1142	1.15708	0.22117
1143	0.22752	-0.98735
1144	0.61217	-0.56344
1145	0.03712	-0.83974
1146	0.22941	-0.98743
1148	0.22866	-0.98796
1149	0.33362	-0.8849
1152	0.86504	0.65214
1153	0.86754	0.68905
1154	0.15476	0.49452
1155	0.23394	-0.98692
1156	0.23103	-0.98764
1157	0.23368	-0.98691
1158	0.49672	-0.01744
1163	0.57547	0.71544
1164	0.30569	0.49323
1165	0.20769	0.5659
1171	0.51706	0.4064
1172	0.45756	0.65379
1173	0.23879	-0.97459
1174	0.40926	0.34791
1175	0.20746	-0.92059
1176	0.52218	0.50605
1177	0.229	-0.98734
1178	0.22804	-0.98813
1181	0.55322	0.59623
1182	0.22973	-0.98695
1184	-1.21027	0.53277
1185	0.23047	-0.95528
1186	0.22958	-0.98699
1187	0.23231	-0.98746
1188	0.23142	-0.98677
1189	0.3573	0.46263
1190	0.48966	-0.65513
1191	0.23682	-0.85672
1192	0.22927	-0.98728
1193	0.67424	-0.63833
1197	0.21492	-0.89296
1198	-0.39699	-0.33554
1199	0.23174	-0.98752
1200	0.14043	0.91204
1201	-0.20178	-0.44028
1202	0.45683	-0.7161
1203	0.5726	0.55212
1204	0.25055	-0.84054
1205	-0.43704	-0.38936
1206	0.28789	-0.90397
1208	0.22577	-0.98812
1209	0.32489	-0.72045
1210	0.30731	-0.70489
1211	0.54035	0.42761
1214	0.22905	-0.98756
1215	0.22728	-0.98736
1216	0.22704	-0.98753
1217	0.23131	-0.98691
1218	0.22749	-0.98773
1219	0.69843	0.17062
1220	0.23267	-0.98695
1221	0.23692	-0.98069
1224	0.22682	-0.96667
1225	-0.19023	0.39847
1226	-0.11895	0.35119
1227	0.12074	-0.86171
1228	-0.09216	-0.53698
1229	0.23241	-0.98728
1230	0.23365	-0.98676
1232	-0.26027	-0.51071
1233	0.23268	-0.98672
1235	0.23016	-0.98744
1236	0.23034	-0.98704
1237	0.23291	-0.98726
1239	0.54755	0.62922
1240	0.67465	0.54056
1241	0.22841	-0.98766
1242	0.23108	-0.95642
1243	0.21947	-0.98447
1244	0.227	-0.98765
1245	0.22648	-0.98766
1246	-0.10291	0.65022
1247	0.20852	0.39398
1248	-0.14987	0.35451
1249	0.19732	0.75167
1253	0.57312	0.27046
1254	-0.5789	-0.24174
1255	0.79304	-0.70152
1256	0.22807	-0.98773
1257	0.34234	-0.88135
1258	-0.572	-0.28571
1259	0.22674	-0.98782
1261	0.22746	-0.98759
1262	0.65165	0.74169
1263	0.66384	0.61102
1264	0.23243	-0.9875
1265	-0.17087	-0.63504
1266	0.53247	0.60038
1267	0.26659	-0.81776
1269	0.23049	-0.9876
1271	-0.02633	-0.78257
1272	0.43376	-0.17723
1273	0.42146	0.44556
1274	0.23409	0.52187
1275	0.62794	0.88224
1276	-0.30882	-0.54382
1277	0.50966	0.84431
1278	0.52255	0.32523
1279	0.57853	-0.791
1281	0.23736	-0.97374
1282	0.11257	-0.90992
1283	0.60956	0.48673
1284	0.86679	0.42554
1285	0.10874	0.80538
1287	-0.66835	0.33731
1288	-0.46382	-0.37214
1290	-0.19072	0.68416
1292	0.34034	-0.54088
1293	0.65982	0.37078
1294	0.9892	0.15818
1295	0.09169	0.52996
1298	0.20305	0.49803
1299	0.45099	-0.19609
1300	0.19455	0.6731
1302	0.22428	-0.87095
1303	0.11812	0.47631
1304	-0.58451	0.06295
1305	0.23203	-0.98674
1307	0.2339	-0.98693
1309	-0.56774	-0.23309
1310	0.23013	-0.98791
1311	-0.55485	-0.38758
1312	-0.0858	-0.73465
1314	-0.94656	0.27542
1315	0.56899	0.58293
1316	1.18628	0.0496
1317	-0.30713	-0.53306
1318	0.8847	-0.60726
1319	0.22817	-0.98813
1320	-0.2003	0.23837
1322	0.34453	0.49151
1325	0.5744	0.35157
1326	0.43678	-0.23394
1327	0.68151	0.55725
1328	0.55229	0.30709
1330	0.2288	-0.9881
1332	-0.69318	0.44343
1333	0.61321	-0.39362
1334	0.43486	0.28993
1335	0.60488	0.93072
1336	-0.00423	-0.80858
1337	0.1115	0.32826
1338	0.21852	0.2943
1339	0.54313	0.39525
1340	0.49487	0.25697
1344	0.51864	0.35973
1345	0.23368	-0.987
1346	-0.60761	-0.24712
1347	-0.42271	-0.34141
1348	0.22953	-0.98801
1349	0.23845	-0.98107
1351	0.2272	-0.98799
1352	-0.43173	-0.42872
1353	0.22712	-0.98789
1355	0.53849	-0.16467
1356	-0.05631	-0.75817
1358	-0.35484	0.02061
1359	-0.32301	0.26099
1360	0.55147	0.63878
1361	0.04834	0.40794
1362	0.23371	-0.98678
1363	0.23343	-0.98721
1364	0.23045	-0.9878
1365	0.1425	-0.9357
1366	-1.71121	-1.11846
1368	0.59776	0.37171
1369	0.23337	-0.9868
1370	0.62669	0.92291
1371	0.23275	-0.98705
1372	0.97053	0.59794
1373	1.17302	0.36653
1374	-0.60945	-0.24525
1375	0.01057	0.21381
1377	0.35045	0.39447
1378	-0.33528	0.04227
1380	-1.44382	0.42216
1381	-0.22839	-0.27778
1382	-0.25726	-0.58923
1383	0.52614	0.12929
1384	0.54053	0.62369
1385	0.00713	0.58171
1386	-0.00088	0.45025
1387	0.23019	-0.98689
1389	0.23198	-0.98733
1390	0.22992	-0.98788
1391	-0.80938	-0.02567
1392	0.09705	0.7564
1393	-0.07859	-0.74002
1394	0.22974	-0.98796
1395	0.22776	-0.98818
1397	0.23236	-0.98716
1398	0.32582	0.47517
1399	0.25206	0.3834
1400	0.2006	0.39017
1401	0.02602	-0.83538
1402	0.22637	-0.98758
1403	0.23338	-0.98672
1404	0.23076	-0.98696
1405	0.23084	-0.98773
1406	-0.4331	-0.42729
1408	-0.52746	-0.06657
1409	0.6893	0.61868
1410	0.23211	-0.98672
1411	0.23139	-0.98743
1412	-0.45511	0.38162
1414	0.86942	0.2858
1415	0.10619	-0.90575
1416	0.62364	0.57957
1417	0.32473	-0.12054
1418	0.2788	-0.86475
1419	-0.08447	-0.70575
1420	0.4619	-0.0666
1421	-0.273	0.20518
1422	0.20533	-0.91318
1423	0.52993	-0.67612
1424	0.23304	-0.9873
1425	-0.35684	-0.48179
1426	0.23257	-0.98711
1427	-1.29609	0.34778
1428	0.4036	0.12591
1429	-1.28813	0.34891
1430	-0.32557	0.40785
1431	0.30194	0.33144
1433	0.07039	-0.87085
1435	0.22794	-0.98768
1436	0.19198	0.40647
1437	0.5249	0.45719
1438	-0.10193	-0.72172
1439	-0.1888	-0.64984
1443	-1.57436	0.53243
1444	0.21579	0.60989
1445	0.22861	-0.9881
1447	0.36982	-0.50903
1448	0.81986	0.54323
1449	0.60132	0.35306
1450	0.22624	-0.98779
1451	0.23	-0.98743
1452	-0.50295	0.2645
1453	0.22951	-0.98697
1454	0.2051	0.39724
1455	0.23289	-0.98738
1456	-0.72175	-0.09712
1457	0.05722	-0.67274
1460	0.22868	-0.98709
1461	0.227	-0.98793
1462	0.22766	-0.98735
1463	0.09083	0.64692
1464	0.2307	-0.98784
1466	-0.70213	-0.14253
1467	-0.23244	0.53489
1468	-0.00078	-0.81354
1469	0.22656	-0.9876
1470	0.23337	-0.98724
1471	0.37665	0.35674
1472	0.33798	-0.512
1473	0.23221	-0.98735
1474	0.23308	-0.987
1475	-0.84419	0.04409
1476	-0.07231	-0.74816
1477	-0.60369	0.49445
1478	-1.55987	0.4944
1479	0.22699	-0.98777
1480	0.19849	-0.75299
1481	0.2263	-0.98772
1482	0.23196	-0.98675
1483	0.79096	0.73835
1484	0.37699	-0.40332
1486	0.00327	0.59615
1487	0.2312	-0.9871
1488	0.22911	-0.98803
1489	-1.49663	0.57054
1490	0.57059	0.59784
1491	-0.67986	0.46708
1492	0.28576	0.6802
1493	-1.53337	0.42481
1494	-0.05228	-0.75777
1495	0.22919	-0.98738
1496	0.57856	0.68026
1497	0.23034	-0.98691
1498	0.38929	-0.44046
1499	0.28174	-0.90714
1500	-0.01119	0.54805
1501	0.14067	0.48358
1502	0.1996	-0.93026
1503	0.44708	-0.11134
1504	0.66871	0.4012
1505	0.23303	-0.98671
1507	-0.15207	-0.54896
1508	0.2315	-0.98677
1509	-0.07993	0.3037
1510	-0.11339	0.43226
1512	0.6572	0.57384
1513	0.11411	-0.91366
1514	-0.44315	0.27292
1515	0.34408	0.37561
1516	0.22846	-0.98746
1517	-0.31127	-0.54101
1518	0.51335	0.15796
1520	-0.34558	-0.5073
1521	-0.18631	0.2976
1522	0.48232	0.14613
1523	0.22616	-0.98801
1524	0.44235	-0.72249
1525	0.28075	-0.76256
1526	0.22898	-0.98704
1527	0.2888	-0.73452
1528	-0.05563	-0.75914
1529	-0.41957	0.37124
1530	0.22652	-0.98819
1531	0.23208	-0.98758
1532	0.16215	0.09139
1533	0.34645	0.19568
1534	0.10489	-0.90358
1535	0.00264	0.61721
1536	-0.05043	-0.70426
1537	0.23318	-0.9873
1538	0.12505	-0.91871
1540	-0.57395	-0.26965
1541	0.00211	-0.75075
1542	0.39272	0.34091
1543	0.2282	-0.98802
1544	0.45049	-0.22694
1546	0.55658	0.70967
1547	-0.00429	0.30241
1548	0.23756	-0.97825
1549	0.52496	0.39962
1550	0.62283	0.63263
1551	0.38043	-0.48061
1552	-0.11901	-0.69935
1554	0.49284	-0.34943
1555	0.01174	-0.79638
1556	0.22895	-0.98781
1557	0.50618	0.29727
1558	0.23029	-0.98791
1559	0.20884	-0.90583
1560	0.41128	0.39388
1561	0.21163	-0.89852
1562	0.40989	-0.25207
1563	0.67787	0.36856
1564	0.22595	-0.98773
1565	0.51305	0.24826
1566	0.47378	0.0318
1567	0.40444	-0.35188
1568	-0.1955	0.36294
1569	0.23234	-0.98753
1570	0.37229	0.61734
1571	0.26974	-0.82382
1572	0.285	-0.81362
1573	0.48109	0.0798
1574	0.66501	0.58785
1575	0.03291	0.54205
1577	0.21074	-0.9035
1578	0.47758	0.07205
1580	0.23237	-0.98739
1581	0.4941	0.09013
1582	0.53773	0.50552
1583	-0.42952	-0.43095
1584	-0.62019	-0.19342
1585	0.5679	0.47968
1586	-0.71971	0.05305
1587	0.15503	-0.9513
1588	0.23105	-0.9868
1589	0.64329	0.12406
1590	0.14495	0.09824
1591	0.42754	-0.17399
1592	0.54277	0.41892
1593	0.22284	-0.98784
1594	-0.92746	0.59496
1595	0.60895	0.75736
1596	0.57954	0.56079
1597	-0.20957	-0.1062
1598	0.21495	-0.89004
1599	-0.11683	0.41377
1600	0.23375	-0.98687
1601	-0.31189	-0.53383
1602	0.5849	0.52161
1603	-0.01773	-0.79234
1604	-0.22928	-0.34557
1605	-0.63839	0.54669
1607	0.60842	0.69878
1608	0.64841	0.36283
1609	0.23239	-0.98688
1610	0.49987	0.15607
1611	0.63249	0.55017
1612	0.47083	0.03855
1613	-0.37653	-0.56727
1614	0.56305	-0.18034
1616	0.01408	0.35675
1617	0.34805	0.44358
1618	0.00562	0.11292
1619	0.48856	0.05472
1620	0.66008	-0.5521
1621	-0.84315	0.44741
1622	0.44404	-0.72107
1624	0.07895	-0.87793
1625	0.46888	-0.1527
1626	0.09929	0.42258
1628	0.22756	-0.98729
1629	-0.25848	0.04071
1630	-0.46961	-0.2583
1632	0.46458	-0.14662
1633	0.2546	-0.79323
1634	0.23174	-0.98691
1635	0.70811	-0.46929
1637	0.22978	-0.98732
1638	0.42013	-0.21255
1639	0.38901	-0.35163
1640	0.41191	-0.31521
1641	0.02011	-0.01218
1642	0.6291	-0.51991
1644	0.42953	-0.74844
1645	0.55522	-0.64713
1646	0.46171	-0.17872
1647	-0.06057	0.20124
1648	-0.75194	-0.07017
1649	-0.32067	-0.64888
1650	0.22745	-0.98788
1651	-0.27873	0.35644
1652	-0.09426	0.32849
1653	-0.39323	-0.56185
1654	0.22982	-0.98693
1655	-0.54886	0.42383
1657	0.52623	0.36829
1658	-0.91882	0.39856
1659	-0.67141	0.23604
1660	0.94475	0.5339
1661	-0.08297	-0.80392
1662	-0.01277	0.61652
1664	-0.43389	0.08744
1665	-0.31708	-0.52509
1667	-0.2678	0.17645
1668	0.95537	0.23955
1669	-0.34811	-0.20819
1670	-0.04921	-0.02718
1671	0.22595	-0.98793
1672	-0.35923	-0.49745
1673	-0.80426	-0.02522
1674	-0.29585	-0.54788
1675	-0.68118	-0.12567
1676	0.44265	-0.23049
1677	0.71464	0.00758
1678	0.01353	0.63594
1679	0.06844	-0.73245
1680	0.53255	0.45016
1681	-0.63784	-0.21405
1682	-1.12859	0.48874
1683	-0.08523	-0.68017
1684	0.22783	-0.98803
1685	0.03159	-0.0846
1686	-0.00722	0.4378
1687	-0.12762	-0.61594
1688	0.42804	-0.29644
1690	0.20192	0.10863
1691	0.01473	-0.8233
1692	0.42817	-0.84491
1693	0.25087	-0.84311
1694	-0.74676	0.67285
1695	0.33114	-0.78105
1696	-0.38977	-0.41153
1697	-0.1687	-0.77109
1698	0.70004	0.72161
1699	0.22558	-0.98797
1700	-1.67071	-1.10476
1701	-0.12385	0.36669
1702	0.22734	-0.9876
1703	0.02555	0.20192
1704	-0.72509	0.27825
1705	-0.72301	0.53405
1706	-0.69063	0.15273
1707	0.21999	-0.87686
1709	0.28492	-0.81189
1710	0.56907	-0.49659
1711	-0.08684	0.23447
1712	0.22867	0.45266
1713	-0.25	-0.63898
1714	-0.35591	0.25939
1715	-0.98495	0.30403
1716	0.02771	-0.79109
1717	0.30493	-0.66392
1719	-1.6261	0.55048
1720	0.1287	0.15837
1721	0.26487	-0.85595
1722	0.23334	-0.98716
1724	0.17209	0.30704
1725	-0.04717	0.63801
1726	-0.64584	0.46253
1727	0.0677	0.33476
1729	0.09245	0.30128
1731	0.4772	-0.60179
1734	-0.05546	0.12498
1736	0.22622	-0.98818
1737	0.91169	0.13109
1738	0.03019	0.37016
1739	0.23016	-0.98731
1740	-0.56048	-0.27229
1741	0.22753	-0.9875
1742	0.41391	-0.39204
1744	-0.55151	-0.30763
1745	0.22873	-0.98758
1746	0.22836	-0.98715
1747	0.22644	-0.98756
1748	-1.20186	1.15143
1749	0.05481	0.62659
1750	0.00082	-0.77546
1751	-1.63087	0.55133
1752	0.23039	-0.98771
1756	0.51251	0.33726
1757	-0.09781	0.65951
1758	0.45587	0.1204
1759	-0.71443	0.44131
1760	-0.52162	-0.30872
1761	0.34089	-0.53536
1762	-1.61019	0.54771
1763	-0.6051	0.22132
1764	-0.9466	0.22985
1765	-0.34637	0.17231
1766	0.22582	-0.98813
1767	0.22586	-0.98806
1768	0.20503	-0.91387
1769	-0.88311	0.05162
1770	-0.03233	-0.77054
1771	-0.73532	-0.08492
1772	-0.04208	-0.36669
1773	0.02646	-0.83566
1774	-0.64982	0.29651
1775	0.38102	-0.838
1777	-0.57464	0.24107
1778	0.23118	-0.98776
1779	0.22989	-0.98699
1780	0.31147	0.50052
1781	0.23269	-0.98714
1782	-0.00266	-0.74003
1784	-1.06684	0.55438
1785	0.63949	0.51649
1786	0.27392	-0.9343
1787	0.23255	-0.98674
1788	0.59304	0.73984
1789	-0.30815	0.6776
1790	-0.09601	-0.72077
1792	-0.71527	0.51261
1793	-0.36447	0.28848
1794	0.01245	-0.77699
1795	0.58567	0.77292
1796	0.02633	0.38982
1797	0.36563	0.45066
1798	0.22763	-0.98745
1799	-1.23348	0.37357
1800	-0.43977	-0.42084
1802	0.79903	0.75829
1803	0.23408	-0.85999
1804	0.20714	0.43559
1805	-0.15771	-0.67676
1807	-1.57407	0.53336
1810	0.23195	-0.98686
1811	-1.38119	0.40928
1812	-0.21184	-0.18116
1813	-0.09811	0.51832
1814	0.22719	-0.9878
1815	0.23325	-0.98674
1816	0.23255	-0.98748
1818	0.23282	-0.98671
1819	-0.18114	-0.04958
1820	0.41841	-0.28481
1821	-1.53085	0.56848
1822	0.46844	0.30799
1824	0.2321	-0.98705
1825	0.28855	-0.68238
1828	0.20545	-0.90932
1830	0.23099	-0.94635
1832	-0.70394	-0.1408
1836	0.32981	-0.78452
1837	-0.89838	0.09093
1838	-1.0961	0.22442
1839	0.01608	-0.82518
1840	0.22976	0.36449
1841	0.5964	0.68538
1842	-0.3626	-0.49429
1843	0.1064	0.1071
1844	-0.4953	-0.36518
1845	0.22857	-0.98785
1846	0.22934	-0.98768
1847	-1.61587	0.54795
1848	0.33152	0.0678
1849	0.39197	-0.43544
1850	0.24143	0.62516
1851	0.23028	-0.98768
1852	0.50596	0.28138
1853	0.22833	-0.98723
1854	-0.62595	-0.18819
1855	0.3414	0.48843
1856	0.22899	-0.98712
1857	0.06798	-0.72705
1858	0.23348	-0.98719
1859	0.22685	-0.98792
1860	0.4894	0.48263
1861	-0.57791	-0.2797
1862	-0.7486	-0.08926
1863	-0.21816	0.59868
1864	1.12168	-0.1604
1865	-1.01515	-1.03162
1867	0.55128	0.31813
1868	-0.31208	0.57193
1869	-0.3051	1.16494
1870	0.22781	-0.98726
1871	0.23302	-0.98736
1872	-0.3112	-0.54107
1873	0.23264	-0.98682
1874	0.39675	0.55841
1876	0.226	-0.9877
1877	0.23127	-0.98775
1878	0.23386	-0.987
1879	0.22607	-0.98769
1880	0.26401	0.57083
1881	0.26692	0.08141
1882	-0.53288	-0.32745
1884	-0.30652	-0.54621
1885	0.23189	-0.98675
1886	-1.54753	0.47637
1889	-0.79549	-0.03981
1890	0.38851	0.61909
1891	0.23189	-0.9874
1893	-0.20113	0.06011
1894	-0.05396	-0.68571
1895	0.2285	-0.98729
1896	0.23325	-0.98707
1897	-0.66955	0.66589
1899	0.22274	0.40877
1900	-0.11003	-0.3411
1901	-0.31622	-0.1194
1902	-0.01105	0.101
1903	-0.4577	-0.39524
1904	0.22966	-0.98786
1905	-0.17936	-0.33619
1906	-0.12663	-0.70184
1908	-0.00393	-0.06871
1909	0.07938	-0.09863
1910	-1.06656	0.20008
1911	0.1783	-0.96516
1912	-0.10513	-0.62954
1913	-0.00845	0.40472
1914	0.07711	-0.05588
1915	-0.2532	-0.50857
1916	0.49087	-0.1736
1917	-0.03566	-0.77875
1918	-1.63258	0.55177
1919	-0.46192	-0.20651
1920	-0.88727	0.05352
1921	-0.92997	0.09799
1922	-0.53858	0.61958
1923	0.16463	0.40314
1924	0.22089	-0.98273
1926	0.04794	-0.84985
1927	0.54837	0.50435
1928	-0.67547	-0.16914
1929	0.60579	0.6993
1930	0.19458	0.38038
1931	0.59979	0.76646
1932	0.37477	-0.39448
1933	-0.13458	-0.69197
1934	-0.03106	0.65381
1935	-0.68824	0.61619
1936	-0.16761	0.63561
1937	0.50318	0.2063
1938	0.21666	0.04082
1939	0.23293	-0.98703
1940	0.33661	0.44695
1941	0.05618	-0.60912
1942	0.22936	-0.98803
1943	0.25055	-0.0008
1945	0.22842	-0.98813
1946	0.08725	-0.32531
1947	-0.58098	-0.2765
1948	0.72937	0.61841
1949	-0.61639	-0.23757
1951	-1.41212	0.5364
1952	-1.60531	0.5472
1953	0.23122	-0.98695
1954	0.56238	0.72627
1955	-0.11094	0.40214
1956	-0.22258	0.67593
1957	0.59247	0.83854
1958	-0.30906	-0.54227
1959	0.23274	-0.98682
1962	-0.52925	0.56407
1964	-0.12822	-0.61176
1965	0.22739	-0.9882
1966	0.23752	-0.8562
1967	0.60611	0.33205
1968	0.37315	0.48737
1969	-0.50419	-0.04381
1970	0.52732	0.46246
1971	0.30193	0.0636
1972	0.65655	0.75619
1973	-0.93911	0.09177
1974	-1.2918	0.33725
1975	-0.02513	-0.0357
1977	-0.26392	-0.55516
1978	0.22869	-0.9881
1979	0.4549	0.90307
1980	-1.4592	0.63369
1981	0.2296	0.34469
1982	0.23069	0.26654
1983	0.60546	0.55446
1984	0.23334	-0.95806
1985	0.13894	0.59408
1986	-0.22939	-0.61457
1987	-0.03261	-0.78271
1988	-0.19112	-0.64522
1989	-1.63062	0.55126
1990	0.23107	-0.97094
1991	-0.81987	0.64705
1992	-1.43315	0.42118
1993	0.22694	-0.9689
1994	0.23198	-0.97294
1995	0.05286	-0.85351
1996	-0.351	0.55398
1998	-0.2215	-0.17717
1999	-0.79713	-0.03887
2000	0.22985	-0.97095
2001	0.58058	0.47861
2002	-0.25204	-0.59413
2003	0.41344	-0.30749
2004	0.22281	-0.98804
2005	-0.69056	-0.15406
2006	-0.81569	-0.02008
2007	-0.27384	-0.13154
2008	-0.39782	-0.46058
2009	-0.07177	-0.08349
2010	0.16744	0.3738
2011	-0.18787	0.01721
2012	-0.32328	-0.33185
2013	0.03614	0.49004
2014	0.37946	-0.59685
2016	-1.3656	0.39391
2017	0.11034	0.437
2018	0.23393	-0.85982
2019	-0.49544	-0.36494
2020	-0.35515	0.25894
2021	0.12933	0.63605
2022	0.20706	-0.92145
2023	0.69539	-0.02678
2024	0.32536	0.70889
2025	0.20248	0.4473
2026	0.14193	0.69419
2027	0.60982	0.63621
2028	-1.28322	0.33648
2029	0.80779	0.35526
2030	1.98545	1.05503
2031	0.68485	0.7442
2032	-1.65959	-0.95728
2033	0.65024	0.37761
2034	-0.04934	-0.70362
2035	0.4997	0.30755
2036	0.56665	0.31452
2037	0.37355	-0.0077
2038	0.62467	0.3148
2039	0.23194	-0.94853
2040	0.26959	0.26488
2042	-1.11386	0.22482
2043	0.44871	0.84292
2044	0.20787	-0.90673
2045	-0.16935	-0.66312
2046	0.69008	0.28248
2047	-1.15623	0.78291
2049	0.26412	0.61955
2051	-0.23715	-0.60418
2052	0.70259	0.60354
2053	0.20081	-0.92927
2054	0.22709	-0.96805
2055	-1.23205	0.30631
2056	0.22673	-0.96868
2057	0.50265	0.25168
2058	0.32745	0.65295
2059	0.68606	0.63868
2060	0.59834	0.61796
2061	-0.32457	-0.48137
2062	-0.01437	-0.15497
2063	-0.35806	-0.34019
2065	-0.11973	0.71525
2066	-0.4056	-0.44786
2067	-0.47493	-0.38555
2068	-0.57875	-0.2789
2069	-0.00754	-0.80328
2070	0.2285	-0.98713
2071	0.23303	-0.9871
2072	0.23296	-0.98693
2073	0.23306	-0.97178
2074	0.26379	0.13795
2075	-0.64318	-0.20863
2077	0.7699	0.57471
2078	0.516	-0.00061
2080	-0.53643	-0.32388
2081	0.01829	0.20205
2082	0.20547	0.15706
2083	0.66329	0.43115
2084	-0.08929	0.76093
2085	0.08662	0.70044
2086	0.33461	-0.05118
2087	0.56028	0.42057
2088	-0.39566	-0.46158
2089	0.22846	-0.98781
2090	0.22561	-0.98794
2091	0.03135	0.43511
2092	0.1916	0.30521
2094	1.82849	0.38956
2095	0.23109	-0.987
2096	0.76423	0.1217
2097	-0.616	-0.23814
2098	0.72807	0.80636
2099	0.53247	0.33435
2100	-1.30381	0.35067
2101	0.22619	-0.98764
2102	0.56209	0.79646
2103	0.58587	0.65681
2104	-0.79091	-0.04284
2105	0.17044	1.27668
2106	0.47812	-0.1161
2107	0.22683	-0.9882
2108	0.58611	0.85808
2110	0.47213	0.04297
2111	-0.3075	-0.15795
2112	0.12131	0.45745
2113	0.22922	-0.98771
2115	-0.15809	-0.67644
2116	0.61569	0.40992
2117	0.22787	-0.98742
2118	0.23159	-0.98755
2119	0.01811	-0.82789
2120	0.66922	0.84428
2121	0.62546	0.44421
2122	-1.28362	0.3367
2123	0.54633	0.23848
2124	0.1988	-0.93354
2127	-0.51512	0.14364
2128	-0.95156	0.09658
2129	-0.03667	-0.11057
2131	0.57107	0.15762
2132	0.19171	0.10476
2133	0.23142	-0.97187
2134	0.20377	-0.92569
2135	-0.44835	0.00024
2136	0.60474	0.79956
2137	0.22852	-0.98759
2138	0.36826	0.66322
2139	-1.59184	0.5448
2140	0.5925	0.2101
2141	0.90083	0.57974
2142	-0.68196	-0.16328
2144	0.21844	0.64055
2145	-0.51309	-0.3476
2146	0.22275	-0.98807
2148	-0.01821	-0.60952
2149	0.23345	-0.98686
2150	0.36175	-0.46563
2151	0.6503	0.42224
2153	-1.61505	0.54687
2155	-0.47826	-0.38304
2156	0.22744	-0.98731
2157	-0.30903	-0.54362
2158	0.59208	0.5718
2159	-1.57397	0.53367
2161	0.56322	0.49372
2162	-0.1955	-0.64272
2163	0.23058	-0.98725
2164	-0.32405	-0.5297
2165	-0.0072	-0.80374
2167	-0.52229	-0.3382
2168	-1.589	0.53848
2169	0.23323	-0.98728
2170	0.09026	-0.81248
2171	-1.56367	0.50151
2172	-1.56937	0.50037
2173	0.05104	-0.85408
2174	0.23076	-0.98683
2175	-0.47654	-0.385
2176	0.21938	-0.97217
2177	0.66724	0.82348
2178	0.23217	-0.98695
2179	-1.62691	0.55018
2180	0.67054	0.40768
2181	0.27067	-0.76825
2182	0.22713	-0.96796
2184	0.23137	-0.98701
2185	-0.16507	-0.66803
2186	0.00817	-0.39828
2187	-0.50454	-0.35606
2188	0.3875	-0.37368
2189	-0.08817	-0.73228
2190	0.64516	0.6816
2191	0.23163	-0.98688
2192	0.23255	-0.98696
2194	-1.43483	0.42309
2195	-0.08372	-0.89559
2196	0.23664	-0.98625
2198	-1.55869	0.49474
2199	-0.18149	-0.6553
2200	-0.30652	-0.54622
2201	0.62657	0.44894
2202	-1.40362	0.40957
2203	0.68846	0.77293
2204	0.55614	0.68984
2205	-1.61415	0.54815
2206	0.23213	-0.9868
2207	-1.07783	0.20496
2208	0.12323	-0.91704
2209	0.6366	0.6682
2210	-1.2409	0.3112
2211	-1.41597	0.4173
2213	0.30515	0.71917
2214	0.17487	0.12498
2215	0.56297	0.735
2216	0.80884	-0.13175
2217	0.23257	-0.98731
2219	-1.27633	0.33508
2220	0.21375	-0.89491
2221	0.20718	-0.92111
2222	0.22623	-0.98791
2223	0.00937	-0.71097
2224	0.23282	-0.98741
2225	0.12167	-0.5349
2226	0.42432	-0.20541
2227	0.68614	0.73097
2228	-0.55373	-0.30508
2229	-0.94648	0.09484
2230	0.07302	-0.87413
2231	0.27731	0.50748
2232	0.57535	0.56597
2233	0.31169	0.32326
2234	0.54893	0.47601
2235	0.57055	0.43605
2236	0.36816	-0.08681
2237	-0.0523	0.04435
2238	-0.9447	0.09503
2239	0.62599	0.88246
2240	0.62827	0.48794
2241	0.22652	-0.98805
2242	0.23121	-0.9719
2245	0.64206	0.78922
2246	-0.16842	-0.66489
2247	-0.01238	-0.79834
2248	0.61309	0.8485
2249	0.22777	-0.96431
2250	0.71565	0.23408
2251	0.61506	0.29507
2253	-0.25666	-0.55143
2254	0.58964	0.49465
2255	0.59557	0.84248
2256	-0.97828	0.13344
2257	-0.13171	-0.69486
2258	-0.3035	-0.54647
2260	0.20624	0.61103
2261	0.68843	0.80393
2262	-0.22545	-0.33532
2263	-0.27522	-0.34413
2264	-0.01475	-0.78134
2265	0.146	0.31512
2266	0.5983	0.2736
2267	0.95357	-0.41543
2268	0.56483	0.29074
2269	0.01991	0.21944
2270	0.59527	-0.75783
2271	0.60125	0.50528
2272	0.6455	0.84917
2274	0.1376	0.30375
2275	0.6002	1.1228
2276	0.83322	0.67576
2277	0.37755	0.49008
2278	0.54858	-0.00793
2279	-1.35299	0.42139
2280	0.54768	0.28085
2282	0.4333	0.55998
2283	1.11002	0.81513
2284	0.31456	0.48542
2285	0.21509	-0.89271
2286	0.20953	-0.90527
2287	-0.14695	-0.66911
2288	0.21544	-0.88652
2289	0.19661	-0.93604
2291	-0.60053	-0.25453
2292	1.16478	0.04817
2293	0.61704	0.26105
2294	-0.18306	-0.49908
2295	0.00858	-0.03797
2296	-1.57393	0.53383
2297	-0.94552	0.09519
2298	0.0537	-0.49071
2299	-0.37691	-0.46678
2300	0.21519	-0.88975
2301	-0.01223	0.3765
2302	0.16603	0.27832
2303	-0.33469	0.46882
2304	-1.57416	0.53306
2305	-0.0802	-0.46266
2306	0.67361	0.4905
2307	0.54554	0.5054
2308	0.38259	-0.39098
2309	0.22416	0.38207
2310	-0.75367	-0.08388
2311	0.69429	0.50591
2313	-1.38695	0.4044
2315	0.72041	0.56302
2316	0.49003	-0.05539
2317	0.63759	0.46898
2318	0.62685	0.49091
2319	0.31788	-0.65356
2321	0.61431	0.63476
2322	0.73649	0.16292
2323	0.36053	0.30361
2324	-0.26357	-0.17606
2325	0.24068	-0.25881
2326	0.36037	0.37563
2327	0.79412	0.1235
2330	0.23021	-0.98698
2331	0.20196	0.47458
2332	0.36813	-0.41952
2333	-0.56059	-0.29828
2335	0.85076	0.61653
2336	0.58377	0.55568
2337	-0.8051	-0.02736
2338	-0.64413	0.56152
2340	0.59703	0.69779
2341	0.53759	0.36329
2342	0.23148	-0.98771
2343	0.72482	0.43857
2344	0.22695	-0.98815
2345	0.23091	-0.98761
2346	-0.05798	-0.72234
2347	-0.204	-0.42557
2348	0.59698	0.65279
2349	-0.3831	-0.47152
2352	-0.46316	-0.38414
2353	0.54288	0.1068
2354	-1.15883	0.28176
2355	0.01152	-0.81472
2356	0.20354	-0.92585
2357	0.60243	0.63731
2359	-0.68036	-0.16477
2360	-1.08146	0.20905
2361	0.02879	-0.83237
2362	-0.12968	-0.69497
2363	-1.09312	0.21376
2364	-0.27886	-0.39398
2365	-0.34859	-0.49858
2366	0.4917	0.5616
2367	-0.15279	0.05806
2369	0.04549	0.6954
2370	0.60301	0.56614
2371	-0.57187	-0.2859
2373	0.80683	0.55747
2375	0.54196	0.29521
2376	-0.5567	-0.30205
2378	-0.28921	-0.55852
2379	-0.73603	-0.10161
2381	0.29333	0.39974
2382	-0.1353	-0.52422
2383	-1.57405	0.53342
2385	0.5318	0.52682
2386	0.2257	-0.93993
2387	1.04391	0.67786
2389	-0.49764	0.04278
2390	0.46617	0.50276
2391	0.2428	0.71712
2392	0.07027	-0.83729
2394	-1.45112	0.42787
2395	0.69614	0.86246
2396	-0.02194	-0.79059
2397	0.66934	0.75103
2398	-0.55684	-0.30191
2399	-0.12566	-0.42366
2400	0.85611	0.28872
2401	-0.99676	0.13213
2402	0.43162	0.50769
2404	-1.4527	0.42632
2405	0.53206	0.538
2406	-0.0225	-0.06494
2407	-1.62386	0.54929
2408	0.31489	0.64602
2409	-1.58789	0.53813
2410	0.49661	0.12177
2411	0.66765	0.60083
2412	0.71995	0.81925
2413	0.19817	0.55051
2414	0.7966	0.72487
2415	0.89257	0.24413
2416	-1.56602	0.50076
2417	-0.19796	0.50704
2418	-1.42577	0.42087
2419	0.60761	0.52356
2420	0.22788	-0.98723
2421	0.61521	0.31215
2422	0.64974	0.83612
2423	0.5952	0.70063
2424	0.8755	0.09722
2425	-0.74242	-0.82264
2426	0.31807	0.49022
2427	0.73648	0.30063
2428	0.58808	0.13034
2429	-1.57421	0.53293
2430	0.64559	0.95658
2431	0.60366	0.40061
2432	0.59015	0.13455
2433	0.12265	-0.9172
2434	-0.52986	0.35108
2435	0.70364	0.71432
2436	0.53531	0.24806
2437	-1.57387	0.53397
2438	0.56356	0.41154
2439	-1.57386	0.53401
2440	0.22577	-0.98805
2441	0.199	0.5249
2442	-1.5739	0.53385
2443	-0.06139	0.22931
2444	0.003	0.31841
2445	0.39345	-0.09314
2446	0.58832	0.34846
2447	-0.09208	-0.7201
2450	0.40036	-0.33949
2451	0.22774	-0.98793
2452	0.69896	1.0263
2453	0.22443	0.42474
2455	-1.56917	0.50039
2458	-0.01644	0.00129
2459	0.2154	-0.88652
2460	-1.57401	0.53354
2461	-1.61971	0.5482
2462	0.37473	0.32096
2464	0.22846	-0.98805
2465	0.7303	0.17145
2466	0.22714	-0.98813
2468	0.71433	0.88613
2469	0.23015	-0.98773
2471	0.61501	-0.14791
2472	0.64578	0.76533
2473	0.42006	-0.35904
2476	0.60621	0.43213
2477	0.19485	0.48698
2478	0.53814	-0.65569
2479	0.3323	0.35156
2480	0.49487	-0.03266
2481	-1.58666	0.53784
2482	-1.63122	0.5513
2483	0.92471	0.49167
2484	0.30249	-0.61974
2485	0.23331	-0.98672
2486	0.37642	-0.42713
2488	0.19858	-0.93396
2489	0.3693	-0.47795
2490	0.22588	-0.98814
2491	-1.62634	0.54972
2492	-1.62622	0.55005
2493	0.23184	-0.94921
2494	0.49838	0.26464
2495	0.22928	-0.98714
2496	0.48519	0.17672
2497	0.28721	0.57339
2498	0.2337	-0.98711
2499	0.4889	-0.82341
2500	0.77799	0.6404
2502	0.59934	0.18878
2503	0.59447	0.23949
2504	0.89741	0.71782
2505	0.72607	0.61864
2507	0.77991	-0.70798
2508	0.79568	-0.10899
2509	0.34265	-0.88122
2510	-1.56601	0.5007
2511	0.27389	-0.93462
2512	0.63375	1.16057
2513	0.15697	0.4772
2514	0.78458	0.43983
2515	0.29408	0.5324
2516	-0.46461	-0.02451
2517	0.57795	0.20161
2518	0.29078	0.40568
2519	0.23008	-0.97006
2520	-1.00058	-0.38947
2522	0.55687	0.71891
2523	0.64317	-0.04022
2524	0.22999	-0.98795
2526	1.06227	0.49284
2527	-0.05322	0.3068
2528	0.23117	-0.98746
2529	0.64847	0.2572
2530	0.78042	0.57319
2531	0.56549	0.59085
2534	0.7417	0.60989
2535	0.22762	-0.98765
2536	0.02114	0.13589
2537	-0.57543	0.38467
2538	0.59899	0.445
2540	0.22674	-0.98769
2541	0.48438	0.16163
2542	-1.70222	-0.97508
2543	0.20688	0.21503
2545	-0.0875	0.46222
2546	-0.08625	0.63643
2547	0.62452	0.38585
2548	0.60542	0.47031
2549	-1.57428	0.5327
2550	0.59195	0.3903
2551	0.22659	-0.98752
2552	-0.07674	0.38503
2554	0.54367	0.57225
2555	0.05697	0.24521
2556	-1.57375	0.53435
2558	0.23382	-0.98694
2559	0.61499	0.45521
2560	0.07612	0.60594
2561	0.2367	-0.98624
2562	0.232	-0.9875
2563	0.22581	-0.98797
2565	0.7445	0.57646
2566	0.22761	-0.98795
2567	0.58114	0.3998
2568	0.79224	0.86403
2569	-1.62281	0.54923
2570	-1.61037	-0.91347
2571	0.42869	0.30955
2572	0.55	0.33892
2573	0.23275	-0.98742
2574	0.63488	0.53089
2575	0.23161	-0.98721
2576	-1.62642	0.54944
2577	0.56725	0.47315
2579	-1.57423	0.53286
2580	0.41333	0.39936
2581	0.22887	-0.98757
2582	0.28993	-0.14229
2584	0.2287	-0.98741
2585	-1.62364	0.54922
2586	0.19877	-0.93351
2587	0.68827	0.54921
2589	0.23182	-0.98674
2590	0.1783	0.47509
2591	-1.354	-0.97226
2592	-0.38299	0.2509
2593	0.23861	-0.98123
2594	0.23382	-0.98703
2595	0.86237	0.77572
2596	0.23301	-0.9872
2597	0.62203	0.26665
2598	0.58717	0.57256
2599	0.22921	-0.98704
2600	-1.62616	0.5503
2601	0.53589	0.2245
2602	0.54458	0.56405
2603	0.21052	0.31321
2604	0.54002	0.44526
2605	0.23216	-0.98756
2606	-1.58661	0.54436
2607	0.24226	-0.97747
2608	0.61185	0.46766
2610	0.49467	1.03294
2611	0.23345	-0.98708
2612	0.49344	0.12446
2613	-1.57368	0.53455
2614	-1.58122	0.53598
2615	0.46397	0.41811
2616	0.22566	-0.98797
2617	0.22792	-0.98731
2618	0.23186	-0.98694
2619	0.22726	-0.98768
2620	0.23249	-0.98735
2621	0.72711	0.62842
2623	0.4005	0.40899
2624	0.04423	0.35898
2625	0.44541	0.61798
2626	0.61482	0.47497
2627	-0.96282	0.38319
2628	0.69192	0.7347
2630	0.15127	0.30057
2631	-0.99673	0.13104
2632	0.29712	0.21155
2633	-1.62695	0.5502
2634	-1.62637	0.54962
2635	0.23433	0.32769
2636	0.23033	-0.97059
2637	0.23178	-0.98681
2638	-0.20973	0.91716
2639	-1.06266	0.35979
2640	-0.27899	0.38935
2641	-1.57383	0.5341
2642	0.14226	0.33362
2643	1.04201	0.83344
2644	0.22322	-0.98676
2645	-1.62696	0.55015
2646	-1.62303	0.54935
2647	0.22851	-0.96087
2648	-1.57411	0.53322
2649	1.06143	0.30442
2650	0.69797	0.01123
2651	0.25542	-0.83734
2653	-0.08099	0.38317
2654	0.23359	-0.98715
2655	0.22811	-0.98723
2657	0.20461	-0.90998
2658	0.39903	-0.31955
2659	0.4338	-0.2105
2661	0.23331	-0.98726
2662	0.40916	0.60813
2663	0.03065	0.11863
2664	0.22823	-0.96389
2665	0.87708	0.65075
2666	0.22597	-0.98809
2667	0.38391	0.51693
2668	0.22603	-0.98801
2669	0.30798	-0.79588
2670	0.7462	1.07488
2671	0.54058	0.6157
2672	-1.57458	0.53376
2674	0.24168	-0.97667
2675	0.22662	-0.98807
2676	0.21343	-0.89537
2677	0.83172	1.11683
2678	0.39179	0.47063
2679	0.002	0.4611
2680	0.52342	0.29991
2681	0.69477	0.34368
2682	0.30718	0.4813
2684	-0.51266	0.47384
2685	-0.45769	0.05682
2687	0.44354	-0.72196
2689	-1.57956	0.53544
2690	-1.62389	0.5493
2691	-0.45345	0.17092
2692	0.2313	-0.94766
2693	0.2332	-0.98682
2694	0.23283	-0.9868
2695	-0.03166	-0.2225
2696	-0.14503	-0.14376
2697	0.22858	-0.98711
2698	0.22766	-0.98726
2699	0.21408	-0.89443
2700	-0.2398	0.50893
2701	0.56265	0.46508
2705	-0.0795	0.60075
2706	0.22683	-0.98757
2707	1.04824	0.58182
2709	-0.23039	0.5316
2710	0.23315	-0.9871
2711	0.23134	-0.98772
2713	0.66274	0.52548
2715	0.52049	0.16793
2716	0.61161	0.59006
2717	0.60033	0.68922
2718	0.23171	-0.94924
2719	0.22797	-0.988
2720	-1.62692	0.55014
2721	0.23047	-0.98736
2722	0.1759	0.09937
2723	0.20963	-0.90516
2724	0.22823	-0.98758
2725	0.21106	-0.89973
2726	0.59943	0.22379
2728	0.2333	-0.98684
2729	0.22968	-0.98708
2730	0.10146	0.25673
2731	0.22853	-0.98811
2732	0.2274	-0.98812
2733	0.22766	-0.98807
2734	0.23212	-0.95731
2735	0.58878	1.337
2737	0.23052	-0.98686
2738	0.79332	1.08853
2739	0.22286	-0.98783
2740	0.23005	-0.98774
2741	-0.07319	0.54896
2742	-1.17253	0.27126
2743	0.22616	-0.98811
2744	0.70078	0.66147
2745	-1.09429	-0.52805
2746	-1.63064	0.55118
2747	0.66578	0.53168
2749	-0.12083	0.1243
2750	-0.27065	0.55328
2751	-1.05639	-0.28924
2753	0.22984	-0.98745
2754	0.22708	-0.98805
2755	0.23816	-0.97417
2757	-1.57375	0.53433
2758	-1.56643	0.5008
2759	0.2306	-0.98684
2760	-1.57425	0.53281
2761	0.55859	0.75379
2762	-0.09154	0.32623
2763	0.74246	0.20891
2764	-1.57411	0.53324
2765	0.54323	0.44659
2766	-1.6264	0.54951
2768	0.22937	-0.98784
2769	-1.62356	0.54914
2770	0.22821	-0.98727
2771	0.22642	-0.98791
2772	0.23052	-0.98699
2773	0.52435	0.2236
2774	0.6928	0.13362
2775	0.77793	0.15287
2776	-0.97837	-0.52915
2777	0.23023	-0.97007
2778	0.23185	-0.98761
2779	0.1106	0.43991
2780	0.23174	-0.98738
2781	0.54517	0.72193
2782	-1.58981	0.5447
2783	-0.16835	0.60471
2784	0.21268	-0.89697
2785	0.59498	0.56002
2786	0.74142	-0.07588
2787	0.60934	0.24918
2788	0.63613	0.42428
2789	-0.22205	0.07632
2790	0.23225	-0.98755
2791	-1.5741	0.53327
2792	0.0111	0.39805
2793	0.61803	0.70308
2794	0.76435	0.6521
2795	0.1615	0.47186
2796	0.23165	-0.98763
2797	1.44486	0.35644
2798	0.57362	0.47422
2799	0.58886	0.46411
2800	0.22933	-0.95479
2802	0.23662	-0.98614
2803	0.22677	-0.98799
2804	0.60417	0.19747
2806	0.22675	-0.98821
2807	-1.53097	0.44352
2808	0.22781	-0.98772
2809	-0.61981	0.62218
2811	1.00679	0.17466
2812	0.23151	-0.98764
2813	-0.39893	0.12639
2814	0.62689	0.38857
2815	0.22826	-0.98716
2816	0.70526	0.64764
2819	0.22969	-0.98722
2820	0.36703	-0.76603
2821	-1.62367	0.54923
2822	0.543	0.45895
2823	0.22909	-0.98744
2824	-1.57408	0.53331
2825	0.56767	0.59124
2826	0.22757	-0.98819
2827	-0.47815	-0.02394
2828	-0.32314	0.58631
2829	-0.53827	-0.07286
2830	-0.408	0.08055
2831	0.22972	-0.97006
2832	-0.10158	0.34844
2833	0.23571	0.71253
2834	-1.49494	0.57052
2835	0.23072	-0.98718
2836	-0.69408	0.56141
2837	0.22743	-0.98741
2838	0.53347	0.15622
2839	0.22717	-0.98757
2840	0.57554	0.52821
2841	0.11826	0.58645
2842	0.22945	-0.988
2843	-0.03358	0.25969
2844	0.22674	-0.96647
2845	0.36446	0.19731
2846	0.17091	0.12943
2847	0.32998	-0.78436
2848	0.22411	-0.87127
2849	0.51659	0.20675
2850	-0.99529	0.63121
2851	1.2981	0.49166
2853	0.23173	-0.94902
2855	-0.61869	0.46902
2856	-1.20864	-0.96314
2857	-1.56422	0.50124
2858	-1.62031	0.54859
2859	-1.63117	0.55146
2860	0.23357	-0.98685
2861	0.22585	-0.98777
2862	0.21705	-0.97998
2863	-0.12168	0.39944
2864	-0.58535	0.45873
2865	0.55796	0.49598
2866	0.34939	0.49521
2868	0.48404	-0.70604
2869	0.20782	-0.90701
2870	0.23362	-0.98705
2871	0.21959	-0.87708
2873	0.58245	1.12974
2874	0.35409	0.41267
2875	0.22658	-0.98774
2876	0.55206	0.45494
2877	0.23134	-0.94768
2878	-1.17505	0.27367
2879	-0.52325	0.6022
2880	-1.65974	-1.0924
2881	0.63658	0.67936
2882	-1.43109	0.42149
2883	0.22935	-0.98704
2884	0.23083	-0.98688
2885	0.19877	-0.93339
2886	0.62974	0.7088
2887	-0.7423	-0.09506
2888	-1.6261	0.5505
2889	-0.87217	0.45061
2890	-1.55214	0.49524
2891	0.25085	-0.84527
2892	-1.50908	0.5553
2893	0.54936	0.52296
2894	-0.55419	0.2876
2895	0.19468	-0.93903
2896	0.39901	-0.35711
2897	0.41954	-0.73072
2898	0.23358	-0.98695
2900	0.28504	-0.8117
2901	-0.18695	-0.24063
2902	0.62416	1.21712
2904	-0.61514	0.31321
2905	-0.23653	0.55015
2906	0.25661	-0.83524
2908	0.47388	0.86245
2909	0.72624	0.53013
2910	0.23068	-0.98685
2911	0.51045	0.30921
2913	-1.24078	0.31115
2914	0.23657	-0.98603
2915	0.21863	-0.97826
2916	-1.43274	0.42317
2917	0.33072	-0.78149
2918	0.56469	0.69767
2920	-0.53386	-0.17302
2921	-0.68561	0.54898
2922	0.9137	0.51566
2923	0.58066	0.49557
2924	0.29221	0.76755
2925	0.27597	-0.82421
2926	0.26271	-0.82689
2927	0.61136	0.50015
2928	-1.57579	0.54287
2929	0.83753	0.71964
2930	0.06607	-0.8672
2931	-0.19679	0.49978
2932	0.49284	-0.02159
2933	0.22608	-0.98818
2934	0.59133	1.31595
2935	0.23003	-0.98758
2936	0.63665	0.50644
2937	0.70893	0.92143
2938	0.23659	-0.98603
2939	0.23153	-0.9871
2940	0.05437	-0.82144
2941	0.20047	-0.92947
2942	-0.86943	0.42829
2943	0.23308	-0.98676
2945	0.55274	0.22094
2947	0.22712	-0.98769
2948	0.23287	-0.95749
2949	0.6144	0.89741
2950	0.51212	0.73339
2951	0.22858	-0.9614
2952	0.20692	-0.92138
2953	0.22966	-0.98741
2954	0.76237	0.31356
2955	0.56129	0.82984
2957	-1.57426	0.53632
2958	0.51439	0.30949
2959	-0.30079	0.63741
2960	0.3759	-0.74815
2961	-0.56294	0.59777
2962	0.23247	-0.98712
2963	0.12313	0.12675
2964	0.58884	0.74777
2965	0.23667	-0.98625
2966	-0.18192	0.46601
2970	0.52135	0.38176
2971	0.57404	0.17442
2972	0.22857	-0.98723
2973	0.2304	-0.98724
2974	-0.27271	0.44242
2975	0.23326	-0.86184
2979	0.22735	-0.98778
2980	0.40506	0.50479
2981	-1.42466	0.41866
2982	0.24464	-0.84873
2983	0.26036	-0.8319
2984	0.61958	0.66417
2985	0.58777	0.7
2986	-1.57605	0.54299
2987	0.35632	-0.73228
2988	-0.36169	-0.27952
2989	0.42319	-0.84703
2990	0.23054	-0.98787
2991	0.51279	0.19206
2993	0.22612	-0.98782
2997	0.23312	-0.98688
2998	0.49765	0.24281
2999	0.23005	-0.98719
3000	0.21346	-0.89533
3001	0.2329	-0.98671
3002	1.45123	-0.45822
3003	0.23292	-0.97154
3004	-1.60645	0.54738
3005	0.23182	-0.9871
3006	0.22696	-0.98743
3007	0.68651	-0.55462
3008	0.64694	-0.08447
3009	0.7354	0.31948
3010	-1.07902	0.4907
3011	-0.64183	0.58703
3012	0.38709	0.45669
3013	0.2315	-0.98747
3015	0.23354	-0.98707
3016	0.22952	-0.98789
3017	0.22928	-0.987
3018	0.55455	0.49737
3019	-1.33691	-0.92329
3020	-0.49071	-0.55821
3022	-0.51477	0.6547
3023	0.29882	-0.80226
3024	0.23116	-0.98678
3025	0.49436	-0.22252
3026	0.45107	-0.74997
3027	0.69747	0.3726
3028	0.22634	-0.98812
3030	0.58199	0.42566
3031	-0.04726	0.12267
3032	0.39075	-0.0365
3033	0.4005	0.3551
3034	0.77281	0.26233
3035	0.51136	0.11673
3036	0.72353	0.10857
3038	-0.03678	0.41819
3039	0.57547	0.53394
3040	-0.13577	0.35196
3041	0.85592	0.5241
3042	0.21517	-0.11196
3044	0.79804	0.60268
3045	0.23335	-0.86171
3046	0.65732	0.02588
3047	-0.19905	0.35648
3048	0.4113	0.32784
3049	0.60524	0.08298
3050	-1.20533	0.56749
3052	0.64896	1.32695
3053	0.51262	0.11866
3056	0.47559	-0.35637
3057	0.31066	0.51373
3058	-1.56194	0.50179
3059	0.36326	0.06377
3061	0.78864	-0.6629
3062	0.22631	-0.9876
3063	0.72794	0.77136
3064	0.42713	-0.58096
3065	1.09333	-0.02078
3067	-1.13746	-1.0796
3068	-0.01571	0.48546
3069	-1.63266	-0.05447
3071	0.66286	0.22244
3072	0.7664	0.79711
3073	-0.49199	-0.70108
3074	0.29238	0.26383
3075	0.8522	-0.01686
3077	0.58519	0.47728
3078	0.63027	0.40752
3079	-0.52033	-0.33947
3080	0.94793	0.47202
3081	0.26767	0.24616
3082	-0.07635	0.3975
3084	0.5927	0.41559
3085	-1.04999	-0.64791
3086	0.07953	0.29256
3087	-0.17305	0.49687
3088	0.56892	0.34458
3089	0.41827	0.4617
3090	0.65089	0.35686
3092	0.83225	0.2296
3093	-0.1178	0.15444
3094	0.60617	0.96877
3095	0.70743	0.19265
3096	0.69114	0.21005
3097	-0.02931	-0.66392
3098	0.28251	-0.84626
3099	0.33761	0.7089
3100	0.42826	0.47331
3101	0.56359	0.66993
3102	0.62974	0.68284
3103	0.09253	-0.3298
3104	0.235	0.65985
3105	0.63253	0.79064
3106	-0.16956	0.32155
3107	0.3324	-0.56404
3108	1.2925	0.04508
3109	0.37159	-0.85031
3111	0.22724	-0.98747
3113	0.18111	0.34146
3114	0.61518	0.76643
3115	0.32623	-0.56803
3116	0.46952	-0.30847
3118	0.59958	-0.30964
3119	0.37917	0.07238
3120	0.45174	-0.19439
3121	0.2587	0.00947
3123	0.44344	-0.13053
3124	0.21447	-0.89387
3125	0.66319	-0.32048
3126	0.54829	0.12703
3127	0.41158	-0.49697
3128	0.49634	0.51537
3129	-0.34625	-0.36789
3130	0.03834	-0.31937
3131	0.45465	-0.07117
3132	0.39231	-0.50582
3134	0.27835	-0.88669
3135	0.56156	0.59281
3136	0.96409	0.04172
3137	-0.07814	0.68331
3138	0.34665	0.30485
3139	0.59607	0.19964
3140	0.53878	-0.10969
3141	0.31477	-0.1171
3142	0.62002	-0.28386
3143	0.39674	0.09689
3144	0.35692	-0.81663
3145	-0.10887	-0.71687
3146	-1.03582	-0.89078
3147	0.15644	0.83146
3149	0.22594	-0.98816
3150	-0.2681	-0.35247
3151	0.25548	0.48
3152	0.71342	0.62412
3153	0.59365	0.68547
3154	-0.19713	0.26606
3155	0.3467	-0.51985
3157	0.09666	0.15043
3158	0.60996	0.69495
3159	-0.83269	0.44699
3160	0.23914	-0.96865
3161	0.30293	0.43019
3162	0.47377	0.0255
3163	0.82594	0.54257
3164	0.68588	0.60715
3166	0.43789	-0.23533
3167	0.24057	-0.96347
3168	0.25249	0.43228
3169	0.32727	-0.89024
3170	0.21985	-0.33791
3171	0.65363	0.48676
3172	0.1935	-0.09382
3173	0.29152	-0.91593
3174	-0.59901	0.48347
3175	0.05895	0.18466
3176	0.49572	-0.03537
3177	0.65491	0.19194
3178	0.46302	-0.25063
3179	-0.3746	0.0502
3180	-0.28544	0.53718
3181	0.52285	0.42291
3182	0.47146	-0.13737
3183	-0.15963	0.56308
3184	0.43402	0.46168
3185	0.54367	0.66462
3186	0.55469	0.30449
3187	0.53316	0.4605
3188	-0.61894	1.06172
3189	0.23124	-0.9868
3190	0.35986	-0.4743
3191	0.62426	0.69824
3192	-1.16199	0.41466
3193	-0.08382	0.68706
3194	0.23291	-0.98682
3196	0.638	0.53455
3197	0.24519	-0.95905
3198	0.43045	0.33562
3199	0.38074	-0.40808
3200	0.79617	0.33956
3201	0.52449	0.34743
3202	0.06978	0.48294
3203	0.57277	0.67457
3204	0.59609	0.49911
3205	-1.42157	0.42012
3206	-0.95162	0.09624
3207	-0.52509	-0.32955
3208	0.32728	0.37775
3209	-0.51598	0.08583
3210	0.28634	0.55568
3211	-1.57404	0.53345
3212	0.14889	0.23975
3213	0.77603	0.34744
3214	0.56345	0.678
3217	0.71422	0.48016
3218	0.85618	0.29986
3219	-0.11941	0.01636
3220	0.27076	0.23079
3221	-0.00117	0.65585
3222	0.5079	0.24976
3223	-1.04703	0.30981
3224	0.60383	1.54547
3225	-0.95032	0.09606
3226	-0.43814	1.16018
3227	0.23035	-0.98787
3228	0.28069	0.55864
3229	-1.5742	0.53295
3230	-1.11301	0.81037
3231	0.61783	0.28709
3232	0.59517	0.45974
3233	0.26384	0.5762
3234	0.21326	0.46049
3235	0.62838	0.42534
3236	-0.71554	-0.06324
3238	-1.0154	0.35023
3239	-0.18489	0.43034
3240	1.02752	-0.33246
3241	0.26429	0.50883
3242	0.75265	-0.08043
3243	-0.52833	-0.33209
3244	0.57869	0.73104
3245	0.53889	0.41976
3246	-0.03359	-0.16365
3247	-1.17305	0.27364
3250	0.47711	0.06624
3251	0.554	0.58006
3252	0.25806	0.62864
3253	-0.85698	0.02021
3254	-0.68646	0.03148
3255	0.5892	0.29412
3256	0.72508	0.5253
3257	-0.75531	0.27573
3258	0.57183	0.39753
3259	0.10977	-0.91031
3260	-0.72936	0.53787
3261	-0.30108	-0.266
3262	0.36799	0.38667
3263	0.59166	0.40055
3264	-0.76713	0.18916
3265	0.536	0.27825
3266	0.4441	0.61506
3267	0.50232	0.10414
3268	0.23113	-0.98686
3269	1.22901	0.31805
3270	0.52195	0.40522
3272	0.50253	-0.71909
3273	0.23098	-0.98781
3274	0.39224	0.58351
3275	-0.35508	0.37812
3276	0.22935	-0.97003
3277	0.73102	0.0195
3278	0.56512	0.54753
3279	0.10518	-0.9042
3280	-0.22417	0.12478
3281	0.1989	0.47057
3282	0.59184	0.45986
3283	0.23134	-0.95647
3284	0.51683	0.3234
3285	0.22898	-0.98769
3286	0.11374	0.48441
3288	1.03606	0.5906
3289	0.25878	-0.83997
3290	-0.35387	0.68717
3291	-0.79	-0.03306
3292	-0.13667	0.4791
3293	0.35175	-0.50615
3294	0.59982	0.31967
3295	0.52433	0.25985
3296	0.3514	0.54954
3297	0.25666	0.62153
3298	0.40626	0.62868
3299	0.52527	0.41305
3300	0.55246	0.58248
3301	0.22956	-0.98731
3302	0.04532	-0.86457
3303	0.0362	0.65979
3304	0.3953	0.36316
3305	-1.28627	0.71021
3306	0.19761	-0.93303
3307	0.59519	0.67426
3308	0.32121	0.25654
3309	0.23302	-0.9715
3310	0.08341	0.92989
3312	0.44981	0.74959
3313	0.56095	0.55075
3314	0.39211	-0.49612
3316	0.72528	0.5082
3317	0.19974	-0.93028
3318	0.44621	0.49467
3319	0.20576	-0.92384
3320	0.23937	-0.966
3321	0.53341	0.36082
3322	0.05673	0.8891
3323	0.5424	0.52675
3324	1.26748	-0.02186
3325	0.21843	-0.97844
3326	0.65763	0.53731
3327	0.5413	0.40503
3328	0.25509	0.41022
3329	-0.65897	0.98004
3330	0.26021	-0.82977
3331	0.41112	-0.73365
3332	-0.05819	0.85915
3333	0.56412	0.62603
3334	0.25991	-0.83021
3335	0.2051	0.78634
3336	0.00767	1.21259
3337	0.23996	-0.9827
3338	0.57322	0.20887
3339	0.36477	0.24418
3340	0.42711	0.23822
3341	0.45207	-0.03183
3342	0.22786	-0.96928
3343	0.36787	-0.76508
3344	0.56182	0.56146
3345	0.52089	0.35396
3346	0.54901	0.39121
3347	-1.11256	-0.63347
3348	0.55083	0.47621
3349	0.60604	0.69595
3350	0.15879	0.85318
3351	0.60171	0.93803
3352	-0.94881	-0.5213
3356	0.76947	0.51387
3357	0.5785	0.48765
3359	0.29096	-0.69574
3360	0.4964	0.19882
3361	0.61332	1.34514
3362	0.00634	1.23794
3363	0.86547	0.56757
3364	0.63642	0.74438
3365	0.16343	0.87893
3366	0.14452	0.46803
3367	0.05246	1.20817
3368	0.51347	0.23515
3369	0.22886	-0.98804
3371	0.31756	0.06779
3373	0.14678	-0.05854
3374	-0.16318	1.02528
3375	0.23089	-0.98781
3377	0.21701	1.02473
3378	0.82091	1.28939
3379	0.22646	-0.98778
3380	0.21413	-0.89361
3381	0.5504	0.12672
3382	0.23378	-0.98707
3383	0.18733	0.43434
3384	0.50414	0.26269
3385	0.12376	0.33594
3386	-1.12634	0.80113
3387	0.57606	1.3433
3388	0.62214	0.54854
3389	0.75646	0.43135
3391	0.23106	-0.98751
3392	0.71899	0.92685
3393	0.51295	0.31902
3394	0.23159	-0.98769
3395	0.22923	-0.98786
3396	0.33518	0.06393
3397	0.59532	0.54499
3398	0.40599	0.56973
3400	-0.12832	1.2425
3402	0.67098	0.9985
3403	-0.16232	0.34791
3404	0.23197	-0.98701
3405	0.62688	0.74441
3406	0.05655	0.13403
3407	0.69455	0.68907
3408	0.49976	0.25678
3409	0.61325	0.45917
3410	0.7597	0.97908
3412	0.16583	0.96271
3413	0.27857	1.29082
3414	0.16586	0.56307
3415	0.66203	0.90518
3416	0.75961	0.15758
3417	0.44535	0.56784
3418	0.232	-0.9876
3419	0.82168	1.0184
3420	0.57034	0.76657
3421	0.58091	0.80019
3422	-0.01401	0.83526
3423	0.72053	0.24257
3424	0.17779	0.3232
3425	0.22697	-0.98804
3426	0.61821	0.65335
3428	0.61315	0.66455
3429	0.1009	0.9719
3430	0.22916	-0.98719
3431	0.22876	-0.98714
3432	0.61705	0.43444
3433	0.54358	0.69116
3434	-1.43122	-0.48866
3435	0.57626	1.34098
3436	0.55457	0.56446
3437	0.23141	-0.98712
3438	0.48618	0.61654
3439	0.22921	-0.98797
3440	0.58097	0.4507
3441	0.22819	-0.9877
3442	-0.43077	0.95348
3443	0.15496	1.21378
3444	0.16287	0.88268
3445	0.62493	0.54381
3446	0.35775	-0.21067
3447	0.57355	0.40653
3448	0.22651	-0.98754
3449	0.5717	0.61619
3450	0.66778	1.09947
3451	0.54689	0.34258
3452	0.08374	-0.8848
3454	0.06435	0.94921
3455	0.53896	0.77371
3456	0.17787	1.12999
3457	0.12243	-0.83966
3458	0.29195	0.90679
3459	0.38842	0.65141
3460	0.63974	0.3723
3461	-0.2731	0.20549
3462	0.15728	1.01378
3463	0.5262	0.45821
3464	1.28076	0.92277
3465	0.62548	1.14338
3467	0.62736	0.72298
3468	0.27998	1.08115
3469	0.58765	0.67427
3470	0.78678	0.40381
3471	0.4319	0.44932
3472	0.13268	0.76949
3473	0.71426	0.91011
3474	-0.24209	0.39349
3475	0.20883	0.25752
3476	0.53626	0.29012
3477	0.05936	0.89584
3478	-0.0245	0.64231
3479	0.32648	0.46397
3480	0.3684	0.56162
3481	-0.13086	0.61833
3482	0.57049	0.55104
3483	0.71532	0.38412
3484	0.3152	-0.6134
3486	0.71948	0.90146
3487	0.58105	0.54314
3489	0.61325	0.58547
3490	0.57135	0.53876
3491	0.53198	0.44672
3492	0.59225	0.24629
3493	-0.12504	1.21331
3494	0.60305	0.71858
3495	0.30181	-0.65533
3496	0.54541	0.40652
3497	0.57101	0.48264
3498	0.56438	1.04729
3499	0.73322	0.3175
3500	0.70219	0.34077
3501	0.65056	0.81386
3502	-0.39226	0.06407
3504	0.6071	0.39407
3505	-0.18014	0.52281
3506	0.14188	1.30332
3507	0.61277	0.74909
3508	0.28307	0.41721
3509	0.03787	0.88642
3510	0.75065	0.19914
3511	0.24622	-0.88179
3512	0.16521	-0.23377
3513	0.67422	0.3304
3514	0.60551	0.86964
3515	-0.05447	-0.39522
3516	0.23966	0.9536
3517	0.57645	0.34798
3518	-0.07692	0.30216
3519	0.7284	0.72983
3520	0.22982	-0.98795
3521	-0.0034	0.15667
3522	0.36239	0.98216
3523	-0.09572	0.67471
3525	-0.00368	0.63052
3526	0.15584	1.01313
3528	0.25497	-0.84423
3529	0.57659	0.97134
3530	0.25213	-0.86067
3531	0.59498	0.8662
3532	-0.22447	-0.17977
3533	-0.11293	1.23752
3534	-0.57015	0.39602
3535	0.58956	0.17049
3536	0.80858	0.31455
3537	0.2534	0.18628
3538	-0.45456	0.52145
3539	-1.33413	0.35315
3540	-0.05531	0.81857
3541	0.22281	-0.9875
3544	0.56733	0.25345
3545	0.57964	0.30179
3546	-0.50879	-0.35151
3547	0.23157	-0.98699
3548	0.58584	0.61698
3549	0.69628	0.30222
3550	-0.31727	-0.53641
3551	0.28231	-0.90047
3552	0.72778	0.86012
3554	0.50518	0.13187
3555	0.49031	0.70449
3557	0.5588	0.20554
3558	1.7773	0.35904
3559	0.39217	-0.37763
3560	0.54359	0.14492
3561	0.722	0.39207
3562	0.54286	0.08908
3563	1.79075	0.96707
3564	0.41957	0.93152
3565	0.23106	-0.98735
3566	0.62394	0.85617
3567	-1.42779	0.4187
3568	0.95847	-0.10269
3569	0.75726	0.95474
3570	0.41443	-0.25419
3571	0.05174	0.4579
3572	0.22679	-0.96861
3573	0.16867	0.77286
3574	0.48525	-0.08799
3575	0.48654	-0.07106
3576	1.72775	0.87003
3577	0.98368	-0.3346
3578	-1.46428	0.60957
3579	-0.62274	0.45236
3580	-0.30279	-0.5495
3582	0.42942	-0.42557
3584	0.73993	0.79738
3585	-0.08239	0.26346
3586	0.63336	0.62748
3587	0.45072	-0.19581
3588	0.21413	-0.89371
3589	0.78387	0.12772
3590	0.61072	0.65527
3591	0.22378	-0.82811
3592	0.54783	0.35319
3593	0.43861	0.77744
3595	0.22612	-0.98766
3596	-0.0469	1.18903
3597	-1.43702	-1.08603
3598	0.66128	-0.07051
3599	-1.54494	-0.87938
3601	0.22972	-0.98768
3602	-0.32962	0.32223
3603	-0.56967	0.6672
3604	0.53063	0.24121
3605	0.83164	-0.33275
3606	-1.62319	-0.9423
3607	0.2559	0.52856
3609	-1.61543	0.54689
3610	0.71759	0.47214
3611	0.78303	0.9571
3612	2.34609	0.4625
3613	0.56536	0.14074
3614	2.27283	0.38599
3615	0.60675	1.33267
3616	0.22866	-0.98718
3617	0.55363	0.48172
3618	0.52819	0.1242
3619	0.59464	0.52434
3620	0.26445	0.3514
3621	0.02667	0.50027
3623	0.77641	0.0348
3624	-1.56442	-0.95113
3626	-0.16624	-0.66735
3627	0.77419	0.80962
3628	0.23209	-0.98732
3629	-0.7127	0.35348
3630	0.244	0.93111
3631	0.76922	0.96049
3632	0.6337	-0.20225
3633	0.22284	-0.98804
3634	0.68337	0.34759
3636	0.32676	0.91832
3637	0.23065	-0.98708
3638	2.00804	0.43676
3639	0.46367	-0.11158
3640	0.53163	0.95118
3641	0.31747	0.59504
3642	0.23269	-0.98735
3643	1.04338	0.62979
3644	-0.64203	-0.20998
3645	-1.12009	0.22856
3646	0.35468	0.41627
3647	0.41796	0.48568
3648	0.56558	0.36278
3649	0.17402	0.72835
3651	-0.02321	0.31515
3652	0.50467	0.32322
3653	0.66277	0.77357
3654	0.44745	-0.60305
3655	-0.03025	1.18997
3656	-0.66132	0.60299
3657	0.45019	0.2753
3658	0.25664	0.85721
3659	0.66087	0.29277
3660	0.67526	0.42636
3661	0.74143	0.43843
3662	0.57144	1.26925
3663	0.65504	-0.62992
3664	0.78647	0.50749
3665	0.15718	0.48834
3666	0.5027	0.83274
3667	0.47224	0.75605
3668	0.7519	1.05668
3669	-0.15453	1.12303
3670	-1.09551	0.23118
3671	-0.80464	0.55511
3673	1.04917	-0.14024
3674	0.61959	0.28936
3676	-0.23129	-0.15331
3677	0.4158	0.85011
3678	0.25849	0.44187
3679	0.74457	0.85799
3680	0.62239	0.65135
3681	0.62242	0.94078
3682	0.85145	0.85391
3683	0.58725	0.37704
3684	0.54542	0.47229
3685	-0.93095	0.54426
3686	-1.03224	0.54802
3687	1.21268	0.96154
3688	-1.62087	0.54837
3689	-0.20966	0.73237
3690	0.84256	0.80205
3691	0.49235	0.92746
3692	0.36206	1.4751
3693	0.87864	0.19528
3694	0.87409	1.06861
3695	-0.66014	0.56479
3696	-1.22734	0.47744
3697	0.59017	0.41402
3698	0.41129	0.39529
3699	0.608	0.27745
3700	0.32845	0.20613
3701	0.41946	-0.29394
3702	0.49632	0.88035
3703	0.61249	0.85211
3704	0.58858	0.85001
3707	-1.63119	0.55138
3708	0.85424	0.3728
3709	0.67119	1.08722
3710	0.64009	0.83921
3711	-1.47846	0.48552
3712	-1.61011	0.54756
3713	0.63027	1.02652
3714	0.24787	0.76337
3715	0.21809	0.73855
3716	-1.57417	0.53304
3717	-0.85743	0.02034
3718	-1.10985	0.30831
3719	0.64142	1.08205
3720	0.6819	0.49195
3721	0.6611	0.80536
3722	0.39776	0.37821
3723	-0.01233	1.19542
3725	0.65049	0.27505
3726	0.62693	0.8642
3727	-0.6493	0.22846
3728	0.68624	0.40047
3729	-1.34773	0.64085
3730	0.53463	0.46701
3731	-0.98366	0.12757
3732	0.02615	0.88456
3733	-1.62621	0.55011
3734	-1.54942	0.48056
3735	0.48525	0.69324
3736	-1.43988	0.42378
3737	0.57353	0.45987
3738	-0.275	0.42497
3740	0.76317	0.47616
3741	-0.43067	-0.42978
3742	0.63112	0.53489
3743	-1.62618	0.55022
3744	-1.13928	0.42587
3745	-1.56123	0.49469
3746	-0.92401	0.08577
3747	0.20438	1.05683
3749	-0.48685	-0.32959
3750	1.01287	0.74192
3751	-1.072	0.41746
3752	-1.57379	0.53421
3753	-1.51109	0.5837
3754	-1.62609	0.55053
3755	-0.51354	0.22942
3756	-1.43305	0.41999
3757	-1.57383	0.53408
3758	-1.6263	0.54982
3760	0.14201	-0.0847
3761	-0.23951	0.56383
3762	-1.55873	0.49469
3763	-0.86835	0.03815
3764	-0.31992	0.78057
3765	-0.46195	0.18278
3767	0.68316	1.22068
3768	-1.44054	0.42459
3770	-0.70916	0.29092
3771	-0.95944	0.36251
3772	0.58109	0.21067
3773	-1.27823	0.35249
3774	0.61592	0.40498
3775	-0.9481	0.89782
3777	0.07938	0.67752
3778	-0.96275	0.12247
3779	-0.97047	0.64279
3780	-0.72592	0.26562
3781	-1.1924	0.30919
3782	-1.57371	0.53446
3784	-0.79853	-0.03045
3787	-1.35598	0.38663
3788	0.36163	-0.56626
3789	0.12015	0.6639
3790	-0.00665	-0.80436
3791	0.57668	1.32118
3792	-0.79523	0.54475
3794	0.53674	0.55999
3795	0.4582	0.91113
3797	-0.91063	0.38538
3798	-0.81406	-0.01995
3799	-0.87529	0.11393
3800	-0.12624	0.76692
3801	0.10937	0.54634
3802	0.5507	0.41781
3803	-1.19067	0.78769
3804	-0.25545	0.08071
3807	-0.6119	0.72958
3808	-0.88322	0.45064
3809	-0.84014	0.43823
3810	-0.94959	0.77943
3811	0.2288	-0.08917
3812	-0.93853	0.89144
3813	-0.37892	-0.46201
3814	-1.57405	0.5334
3815	-1.06076	0.19782
3816	-0.39032	0.75385
3818	-1.44819	0.62169
3819	-1.42875	0.63749
3820	0.81011	0.61461
3821	-0.48298	0.46427
3822	-1.0658	0.83743
3823	-1.57412	0.5332
3824	-1.47472	0.60166
3825	0.1748	0.00417
3826	-0.11551	0.64414
3827	-1.62701	0.55019
3828	-1.06952	0.83389
3829	0.59903	1.46311
3830	-1.43286	0.636
3831	0.68744	0.28016
3832	-1.62355	0.54918
3834	0.24937	0.03026
3835	-1.3779	0.65953
3836	0.56543	0.77389
3838	-1.13264	0.62469
3839	0.26035	-0.00108
3840	-1.57434	0.5337
3842	-1.39039	0.64718
3843	-1.52481	0.57305
3844	0.46711	-0.15454
3846	-1.57377	0.53428
3847	0.57759	1.27076
3848	-1.63118	0.55143
3849	-0.365	0.78522
3851	0.43576	0.92679
3852	0.73881	0.39045
3853	0.63011	0.61784
3854	0.43642	-0.14976
3855	-1.57422	0.53288
3856	-0.28252	0.32554
3858	-1.63119	0.55141
3859	-1.62624	0.54999
3861	0.41948	0.61791
3862	-0.91163	0.60344
3863	0.62575	0.62362
3864	-1.62223	0.54894
3865	-1.62636	0.54964
3866	-1.62633	0.54974
3867	-1.57397	0.53365
3868	0.17342	0.14098
3869	-0.05165	0.90976
3870	0.75644	0.7244
3871	0.05774	0.70919
3872	0.65757	0.8905
3873	-0.30258	1.12308
3874	-1.50572	0.59025
3877	-1.33713	0.70441
3878	-0.50746	0.70875
3880	-1.62627	0.54991
3881	0.11287	-0.06051
3882	0.71439	0.33518
3883	0.51394	0.26434
3884	-1.57381	0.53415
3885	-1.6262	0.55017
3886	0.5981	1.24618
3887	-1.21002	0.75349
3888	-1.62638	0.54959
3890	0.60235	1.5304
3891	-1.48913	0.22884
3892	-1.62626	0.54994
3893	-1.57372	0.53442
3894	-1.57457	0.5338
3896	-1.62612	0.55043
3897	0.35985	-0.47606
3899	0.55139	0.30349
3900	0.60268	1.46217
3901	0.4644	0.95833
3902	-0.39668	0.58703
3903	0.59905	0.22808
3904	-1.63063	0.55121
3905	-1.55433	0.55472
3906	0.6038	1.54546
3907	-1.57413	0.53318
3909	-1.57384	0.53406
3910	0.3097	-0.18668
3911	-0.63656	1.41701
3912	-1.61294	0.54787
3913	-0.58371	1.03067
3914	-0.40548	1.10192
3915	-0.61688	1.01691
3916	0.34844	0.32879
3917	-1.57374	0.53437
3918	0.51242	-0.01935
3919	-0.72429	1.00792
3920	-0.62967	0.73006
3921	0.66807	0.71995
3922	-1.57422	0.5329
3923	-1.6161	0.54708
3924	-0.32205	-0.40321
3925	-1.6232	0.54911
3926	-0.53037	0.91058
3927	0.5738	0.44723
3928	-0.22243	0.66287
3931	0.56675	0.6438
3933	0.75394	-0.06032
3934	-0.53228	1.10804
3935	-1.58696	0.53782
3936	-1.57425	0.53279
3938	0.52546	-0.02002
3939	0.71893	0.83906
3940	-1.57398	0.53363
3941	0.22645	-0.98821
3942	-0.0523	0.96135
3943	0.19468	0.80799
3944	0.59042	1.51961
3945	-0.18536	1.15585
3946	0.62775	0.77099
3947	-0.4192	0.66856
3948	-1.38973	0.65318
3949	0.25774	1.31592
3953	-0.7593	0.49181
3954	0.58033	0.13252
3955	-1.57396	0.5337
3958	0.35356	-0.49938
3959	-0.64949	1.02006
3960	0.60872	1.38902
3961	-1.57424	0.53284
3964	0.59081	1.03765
3965	-1.57364	0.53487
3966	-1.57373	0.53439
3968	-0.21206	1.1854
3969	-1.35903	0.67028
3971	-0.30613	0.70532
3974	-1.62363	0.54927
3975	-1.62634	0.54969
3976	0.23626	0.43732
3977	-0.2519	1.02156
3978	0.59676	1.15939
3980	-1.57415	0.53311
3982	-0.78519	0.80155
3983	-0.04042	0.78885
3985	-0.84829	0.94279
3986	0.53002	0.00711
3989	-1.01755	0.49678
3990	-0.33575	-0.7825
3992	0.53855	0.13314
3996	0.23061	-0.98767
4000	0.48539	0.0778
4001	0.61751	0.33254
4003	-0.54936	0.8259
4004	0.58002	1.25634
4005	-1.44043	0.6314
4007	-0.69254	0.68564
4008	-1.62357	0.54916
4010	-1.22377	0.74966
4013	0.59448	0.95973
4015	-1.57378	0.53424
4016	0.41594	-0.27924
4017	0.76621	1.13131
4018	0.59225	0.97454
4019	-0.1374	0.4225
4020	0.45779	0.39726
4021	0.22129	1.39095
4034	-1.36976	0.6633
4035	0.72838	0.97749
4037	0.36397	1.50486
4043	-1.62617	0.55025
4045	-0.90645	0.70885
4047	-0.2506	1.01447
4048	-0.30019	1.2431
4050	0.52953	0.01561
4052	0.48401	1.5414
4057	-1.28358	0.71562
4058	-0.26895	1.2619
4060	0.51999	0.13424
4061	-1.60609	0.54404
4065	-1.47409	0.59973
4070	-1.57394	0.53376
4073	0.69608	0.04058
4074	0.559	0.39969
4079	0.38952	-0.50169
4082	-1.62638	0.54956
4084	0.64508	0.36342
4085	0.35414	0.78583
4087	-1.63121	0.55133
4088	0.6643	1.33025
4089	-0.55578	1.09607
4090	-1.57408	0.53333
4095	0.00773	0.8257
4099	-1.62635	0.54967
4102	0.27481	1.50218
4104	-1.57426	0.53277
4106	-1.1098	0.81179
4112	-1.57382	0.53412
4117	-0.56135	1.09304
4119	-0.95993	0.86163
4121	0.60365	1.54564
4122	0.1034	1.1199
4127	-1.57409	0.53329
4135	0.60372	1.54561
4136	0.17831	0.81371
4142	-1.5739	0.53381
4148	-0.26937	0.85296
4149	-1.50689	0.58952
4152	0.34736	0.52269
4153	0.53329	0.47845
4155	-1.57431	0.5326
4163	-1.57388	0.53392
4168	-1.6263	0.54989
4170	-1.62322	0.54905
4178	0.1834	1.22817
4181	-1.63116	0.55149
4186	0.49128	0.19244
4187	-0.83277	0.92249
4188	-0.70823	1.01737
4190	-0.86818	0.93673
4191	0.6035	1.54568
4194	0.21753	1.03444
4195	0.58965	0.43503
4199	0.58723	1.04091
4200	0.1661	0.71967
4204	-1.6239	0.54927
4205	-1.57385	0.53403
4207	-1.25576	0.72999
4208	-1.24318	0.73982
4210	-0.47206	0.7625
4211	-0.17809	1.31322
4217	-1.62622	0.55008
4219	0.50947	0.28952
4222	-0.3058	1.1555
4225	-0.52804	1.11054
4227	-1.57402	0.53349
4228	-1.57369	0.53453
4229	-1.62631	0.5498
4231	-1.45692	0.61605
4232	-1.46972	0.60639
4235	-1.57428	0.53272
4237	-0.15008	0.71297
4238	-0.11845	1.06205
4239	-1.14652	0.7901
4240	0.35462	0.51794
4243	0.01998	1.41119
4247	-0.66511	1.03848
4248	-1.63061	0.55129
4250	-1.62628	0.54996
4254	0.13061	0.54773
4256	-1.47254	0.60351
4258	-1.57464	0.53639
4260	-0.04648	1.37804
4261	-0.11639	1.3417
4267	-1.01729	0.67345
4272	-0.47431	0.79982
4275	-0.57238	1.0868
4276	0.52787	0.44205
4277	0.02484	0.93444
4278	0.59041	1.51951
4280	-0.31793	0.66057
4288	0.18322	1.47618
4289	-1.07725	0.83261
4291	-1.46061	0.61398
4295	-1.03988	0.85174
4299	-1.04321	0.67823
4300	-1.62625	0.55007
4303	-0.36457	1.19712
4304	0.26818	1.49949
4306	-1.6217	0.54863
4307	-0.86	0.94002
4310	-1.52621	0.57128
4316	-1.52939	0.57716
4318	-1.01965	0.8613
4320	-1.15478	0.78363
4322	-0.76347	0.98769
4323	-1.62215	0.54878
4325	-1.44281	0.62264
4326	-1.63062	0.55123
4327	-1.5739	0.53388
4328	-1.62619	0.55019
4332	-1.62399	0.54933
4333	-0.61523	0.67681
4339	-0.28906	1.25018
4340	0.64718	0.96124
4341	0.11552	0.33865
4343	0.57816	0.92508
4346	-0.84442	0.64682
4347	-1.57329	0.53682
4350	0.15971	0.45494
4355	0.18911	0.5089
4360	-0.2272	1.48743
4361	0.35422	1.43556
4364	-0.89031	0.91478
4367	-0.59969	1.07282
4371	-1.29897	0.75924
4373	-0.9198	0.89795
4374	0.14583	0.37858
4377	-1.57821	0.53509
4381	0.27942	1.4898
4383	-0.42139	1.16831
4385	0.08447	1.43868
4388	0.24952	0.69146
4389	-0.03312	0.80335
4392	-1.09644	0.81872
4397	0.0937	0.54686
4398	-1.57416	0.53309
4403	0.15076	0.60478
4411	-1.57455	0.53571
4422	0.19706	0.24928
4426	-0.38826	0.56293
4441	-0.4392	1.10946
4443	0.60361	1.54565
4444	-1.38512	0.64578
4448	0.16574	0.61046
4451	0.10034	0.9988
4455	-1.6262	0.55014
4467	-0.16147	1.16964
4468	0.59038	1.51941
4476	-0.68985	1.02507
4478	-1.3035	0.72989
4479	-0.13604	0.75036
4482	-0.47691	0.73928
4486	0.44841	1.38186
4492	-1.57418	0.53302
4496	-0.12	0.67222
4502	0.10114	1.00621
4505	-0.02118	0.79463
4510	-0.48054	0.50065
4516	0.14648	0.93502
4517	-0.83406	0.46804
4525	-1.08685	0.62273
4526	-1.62615	0.55032
4528	0.29627	0.60709
4532	-0.02461	0.32652
4533	-1.46426	0.60989
4538	-1.62355	0.54923
4545	-0.58156	0.53749
4546	-0.61139	1.0654
4549	-1.57376	0.5343
4550	-1.57395	0.53372
4552	-0.74737	0.99695
4559	-1.57389	0.5339
4566	-1.15379	0.78681
4567	-1.3144	0.6953
4568	0.02335	0.38976
4570	0.03335	0.36259
4572	-1.57386	0.53399
4573	-0.79492	0.97378
4576	-0.64717	1.04819
4578	-1.57429	0.53267
4579	-1.62625	0.54996
4580	-1.57367	0.53458
4581	-1.62641	0.54949
4584	-0.86979	0.43723
4590	0.10948	0.76143
4595	-1.35288	0.67494
4596	-0.16775	0.1995
4600	-1.6312	0.55136
4601	-1.57371	0.53444
4602	-0.10053	0.36537
4603	0.3147	0.96926
4605	0.0716	0.50333
4608	-1.6224	0.549
4617	-0.95099	0.93716
4620	-0.12602	0.49849
4623	-1.41677	0.62927
4625	-0.29925	0.66864
4628	-1.57394	0.53374
4629	-1.46992	0.61862
4630	-0.07703	0.66506
4632	-1.62632	0.54977
4634	0.59963	0.96242
4639	-1.62639	0.54954
4640	-1.62366	0.54918
4641	-1.62321	0.54907
4642	-0.15742	1.19201
4649	-1.63256	0.55182
4650	-1.62617	0.55027
4653	-0.5613	1.09626
4654	0.31225	1.18737
4655	-0.16339	0.66477
4657	0.61803	1.28423
4660	0.04293	0.72645
4661	-1.62353	0.54923
4664	-0.45677	1.13863
4666	-1.5738	0.53419
4667	-1.62623	0.55002
4670	-0.49986	1.12521
4673	-1.57413	0.53315
4674	-0.44217	1.11397
4677	0.16754	0.57088
4682	0.19494	0.84955
4683	-0.48606	1.2679
4684	-1.62614	0.55035
4689	0.56456	1.33764
4691	-0.72621	0.41927
4692	-0.26458	0.75867
4694	-0.28778	0.14131
4698	-1.57377	0.53426
4703	-0.34265	0.42999
4704	-1.61811	0.54762
4707	-1.57481	0.53386
4712	-1.62628	0.54988
4713	-1.57403	0.53347
4714	-0.45929	0.73882
4718	-1.58216	0.53639
4731	-1.5737	0.53448
4734	-1.5738	0.53417
4735	-1.62629	0.54985
4737	0.26811	0.90918
4738	-1.63088	0.55131
4742	-1.57369	0.53451
4743	-1.57399	0.53361
4751	-1.45568	0.61672
4752	0.03962	0.70805
4753	-0.37861	0.57182
4756	-1.574	0.53356
4758	-0.54163	0.65374
4761	-1.62322	0.54908
4762	-0.01867	0.31667
4766	-1.57393	0.53379
4767	-0.24143	1.27792
4769	-0.15344	0.58933
4770	-0.26848	0.92852
4771	-1.57414	0.53313
4773	-1.28635	0.71451
4774	-0.06365	1.02982
4775	0.06526	1.25157
4776	-0.62443	1.05876
4777	-1.57388	0.53394
4781	-1.57402	0.53352
4782	-1.625	0.54983
4784	-1.62613	0.5504
4785	-0.0894	0.72859
4786	0.03982	1.42177
4788	-0.0733	0.86454
4789	-1.5743	0.53265
4790	-1.25161	0.734
4792	-1.62388	0.54933
4793	-1.5778	0.53485
4794	-0.37158	1.20003
4798	0.64372	1.1446
4799	-1.57431	0.53263
4801	-0.79498	0.97448
4802	-1.57419	0.53297
4804	0.60372	1.54268
4805	-1.62776	0.55041
4806	0.59043	1.51969
4807	-1.63088	0.55128
4809	-0.49925	1.12462
4810	-1.62642	0.54946
4811	-0.3912	1.18609
4813	-1.31157	0.69991
4814	0.60354	1.54567
4815	0.60368	1.54563
4816	0.60358	1.54566
