Model.catch	axis1	axis2
Des Moines	-1.52707	-0.71272
Fauntleroy	-0.87241	-0.59714
Fortson	-0.12396	0.17076
Longfellow	-1.37239	-0.54798
Pipers	-1.31903	-0.91735
Thornton	-1.26074	-0.86567
9	0.96292	-0.26633
10	0.60148	-0.05885
14	0.82981	-0.21954
17	0.44558	-0.19802
20	0.63557	0.08954
22	0.57492	-0.02103
24	0.09174	0.12493
25	0.20186	-0.16445
31	-0.06492	0.14089
33	-0.46061	0.09231
37	0.13118	-0.03354
42	-0.58467	1.02826
45	-0.08507	0.21393
48	-0.44604	0.22313
49	0.4409	0.09662
51	-0.00299	0.1244
52	-0.02764	0.06207
54	0.7011	0.21157
55	0.38952	-0.14983
56	0.49186	-0.29643
57	0.298	-0.07447
58	-0.88896	0.33803
59	-0.51093	0.72131
61	-0.02708	0.44548
63	-0.54888	0.30554
64	0.01418	0.24136
65	-0.34857	0.14821
67	-0.56289	0.23265
68	0.24603	0.0149
69	0.49367	-0.39116
70	1.03969	-0.44932
71	-0.0077	-0.08342
72	-0.16504	0.26622
73	0.28691	-0.12146
74	0.36787	-0.29926
75	0.98706	-0.34983
76	-0.56894	0.00609
77	-0.6749	0.15031
80	0.66314	-0.05269
81	-1.08877	0.46587
83	-0.11309	0.13094
84	0.17956	-0.09821
85	0.54111	-0.03556
86	1.54296	-0.56418
87	-0.6834	0.45824
88	0.17418	-0.08356
89	-0.18025	0.16993
90	1.40087	-0.51579
92	0.76916	-0.43431
93	0.1404	-0.00079
94	-0.54234	0.38415
95	-0.67076	0.41896
99	-0.36736	0.12681
100	-0.19494	-0.20241
101	0.02897	0.00049
102	-0.96751	-0.1138
103	0.12708	0.10735
104	-0.5402	0.76894
105	-0.02509	0.19696
106	-0.41355	0.13462
107	-0.08173	0.37621
108	0.87113	-0.33002
109	-0.98011	0.1593
110	-0.30312	0.27931
111	0.59417	0.61285
113	-0.11442	0.09874
114	-0.30806	-0.29401
118	-0.50158	0.58153
119	0.16797	0.5511
120	-0.25698	0.15955
122	0.43383	-0.0502
123	0.25104	-0.08131
125	0.16763	-0.04382
126	-0.21102	0.3589
127	-0.16027	0.54882
128	0.11085	0.77225
129	-0.43016	0.35798
130	-0.0196	-0.03081
131	-0.57551	0.43795
132	0.35069	-0.14372
134	0.28176	-0.02246
135	0.93313	-0.27448
136	-0.05418	0.11546
137	-0.61236	0.54506
140	-0.47335	0.78559
141	0.63778	-0.29905
142	-0.30689	0.03481
144	0.24272	0.22628
145	-0.32995	0.31666
146	-0.59706	0.19932
147	0.40035	-0.04846
148	0.70573	-0.09961
149	1.21321	-0.43001
150	-0.44035	0.10641
151	0.18606	0.02218
152	-0.04897	0.12983
154	-0.58838	-0.32644
157	-0.3707	-0.52462
158	0.27936	-0.25181
160	0.37699	-0.65407
161	0.52071	-0.37594
162	-0.47107	0.31627
163	0.5962	-0.1102
164	-1.50291	0.63637
165	0.33653	-0.10191
166	-0.08853	-0.10427
167	0.43968	-0.37578
168	0.68505	-0.48144
171	0.93216	-0.70402
172	0.16988	-0.12568
173	-0.65493	-0.11944
174	0.3451	0.1841
175	0.19258	0.24798
176	0.94142	-0.28701
177	0.75771	-0.18709
178	0.78694	-0.06454
179	0.28885	0.01629
180	0.88128	-0.60826
181	0.69593	-0.56454
182	-0.3741	0.13208
183	1.4108	-0.67293
184	-0.93273	0.0394
185	0.13546	0.00729
186	0.65409	-0.24796
187	1.02957	-0.4314
188	0.77449	-0.56014
191	0.6872	-0.1288
192	0.70058	-0.01143
193	1.07042	-0.36864
194	1.16693	-0.40295
195	-0.44857	0.08383
196	0.57822	-0.09246
197	-0.33133	-0.13772
198	0.32418	-0.5689
199	-1.44914	0.66721
200	1.15296	-0.46233
201	1.0715	-0.35916
202	-0.38407	0.29858
203	0.7845	-0.04417
204	-0.04073	0.68803
205	0.98146	-0.33353
207	-0.20807	0.34529
208	-0.90503	0.60146
210	-0.38872	0.53916
211	0.79997	-0.65159
212	-0.44963	0.51777
213	0.66856	0.02402
214	0.45339	0.11408
215	-0.32312	0.38603
216	-1.79823	-0.17606
217	-0.20417	0.49706
218	0.42349	0.12269
220	-0.11643	0.52558
222	-0.30138	0.55119
223	-1.3711	-0.42193
224	-0.39134	0.22667
225	0.09154	-0.01901
226	0.57395	-0.18805
227	0.42852	-0.46167
228	-0.38418	0.36696
229	0.21973	-0.14579
230	-0.45976	0.60875
231	0.52759	-0.69068
232	0.45188	0.16494
234	0.65046	-0.01828
235	0.23957	0.08633
237	-2.3627	0.63116
238	0.76929	0.02519
239	0.70754	-0.09095
240	0.71494	0.01228
241	0.93214	-0.18746
244	-0.17054	0.19471
245	-0.04819	0.06327
246	0.31205	-0.17056
248	-1.74985	-0.15643
249	1.04831	-0.3621
250	-0.49692	0.1472
251	0.97672	-0.24484
253	-2.3815	-0.20448
254	-0.57804	0.06209
255	0.04898	0.41394
256	-0.8894	0.1532
257	0.06431	0.07604
258	0.43925	0.40381
259	1.31578	-0.71751
260	0.40055	0.29604
261	0.56075	-0.3247
262	0.5483	0.32789
263	0.38402	-0.12068
264	-0.13701	0.20825
265	1.16962	-0.47269
266	-0.67986	0.46801
267	-0.36715	0.11295
269	-1.96876	0.24534
271	0.07241	-0.0304
273	0.98578	-0.38702
275	-1.13832	0.23281
276	-1.60082	0.20175
277	-0.30091	-0.37486
278	-0.86132	0.22403
279	0.92585	-0.22334
280	0.53022	-0.27496
281	-0.13472	-0.09448
282	-2.18225	0.15567
283	1.09639	-0.42427
284	0.43602	0.23138
285	-0.29699	0.20939
286	-0.19472	0.07758
287	-1.50501	0.35849
288	0.8835	-0.13332
289	-0.34472	0.65682
290	-0.40483	0.06613
291	0.60846	-0.26285
292	1.43799	-0.5295
295	-0.40828	-0.19421
296	1.12405	-0.38646
298	-1.83825	0.69522
299	-0.13628	0.23213
300	-0.39396	0.38115
301	-0.3607	0.25075
303	0.83423	-0.31771
304	0.02356	-0.32265
305	-0.73893	-1.16057
306	-1.38678	0.54195
308	0.79823	-0.49603
310	-0.97456	0.38372
311	-1.53265	0.4399
312	0.37031	0.31891
313	-0.70142	0.28542
314	-1.24948	0.1199
315	1.50184	-0.55978
316	0.20008	0.29422
317	0.8156	-0.03344
319	0.47987	0.04462
321	1.09206	-0.35207
323	-0.02619	0.2708
324	0.28034	0.40581
325	-1.22173	0.54311
328	0.00557	0.1367
329	-0.19323	0.38095
331	-0.41976	-0.00114
332	0.56167	0.14833
333	0.69247	-0.03005
334	0.80828	-0.11777
336	0.65647	0.02913
337	-0.36813	0.22628
338	0.55862	0.0312
339	0.35782	-0.29058
342	0.63332	0.20523
343	0.22851	-0.01045
344	-0.45771	0.5554
345	0.13218	0.01829
346	0.36074	0.12216
347	-0.72618	0.05977
353	-0.7503	-0.01686
354	1.31342	-0.47982
355	0.46641	0.21608
356	-0.9173	0.25944
357	0.65246	1.63764
358	-0.38657	0.46685
361	-1.17718	0.55094
364	-1.05918	0.43566
365	0.76891	-0.36222
366	1.1176	-0.38636
367	-0.11269	-0.09875
368	-0.83867	0.17224
369	0.96585	-0.65668
370	-1.75862	-0.01566
372	-1.15417	0.20306
373	-0.82806	0.33106
374	-0.29045	0.22577
375	0.66889	-0.53043
376	-0.61869	0.18714
377	-1.06953	0.62888
378	0.40966	0.34809
379	-0.18262	0.23522
380	-0.35025	1.23591
381	-0.41957	0.18392
382	-0.23787	0.34799
383	1.24929	-0.46554
385	-0.22416	0.13184
387	-0.4328	0.32934
390	-0.25995	0.24181
393	0.74005	-0.41961
394	1.0096	-0.51972
395	-0.03906	0.10666
397	-0.22682	0.0339
399	-1.24447	-0.13607
400	-0.9023	0.41785
403	-0.62606	0.20702
404	0.6028	0.09323
405	1.11927	-0.37777
406	0.67214	-0.2194
410	-0.7682	-0.46036
411	0.76878	-0.29917
412	1.03361	-0.32938
413	0.75409	-0.1311
415	-0.74664	0.03994
416	-1.23121	-0.13885
417	-1.23839	0.37001
418	0.17554	0.48346
419	-0.28652	0.71867
421	0.92953	-0.61115
423	-1.60766	0.10155
424	0.81004	-0.22901
425	0.93432	-0.31733
426	-0.85308	0.34813
427	-1.29951	0.16951
429	-1.0536	0.32361
430	-0.2677	0.33243
432	0.72841	-0.41929
433	0.53018	0.3027
434	0.64276	-0.33231
436	-1.33115	0.87437
438	-0.74227	0.80011
439	0.18418	0.03296
442	-0.46453	0.34155
445	1.14249	-0.40859
447	0.38181	0.86305
449	-0.4185	0.58675
450	-0.66783	0.55912
451	-1.35615	0.32757
456	0.25528	0.74756
457	-0.29124	0.3664
458	-1.09677	0.18186
459	0.29039	0.05143
460	0.08126	-0.15331
461	1.08251	-0.4313
463	-0.74615	0.30931
464	-1.31501	0.14329
465	0.4891	-0.15757
466	0.86129	-0.21973
468	0.6546	-0.46491
469	0.7217	-0.1663
470	0.36592	0.23472
471	-0.53695	0.43335
474	-1.19612	0.28401
475	-0.25462	-0.09787
476	-0.53544	0.4094
478	0.8074	-0.41211
479	0.38209	-0.15838
480	0.826	-0.25285
481	0.97937	-0.24825
482	0.62874	0.12308
483	-0.47294	0.47999
484	-1.05589	0.19072
485	0.12009	0.04567
487	-0.58209	0.07502
488	0.77259	-0.13559
489	0.686	-0.13364
490	-0.17174	0.05156
492	0.9577	-0.76254
493	0.73085	-0.25503
495	-0.78416	-0.01813
498	-0.20889	0.34433
500	1.0837	-0.37246
501	0.80866	-0.2443
502	0.8291	-0.11298
503	-0.89562	-0.01364
506	-1.06265	-0.38351
507	-0.86973	-0.2398
508	-1.39105	-0.33022
509	-1.21073	0.01135
510	0.63595	-0.05638
511	0.65326	-0.29427
512	-0.51654	0.41186
517	-0.75225	0.00681
518	0.89012	-0.26458
519	0.38032	0.05849
520	0.58884	-0.5436
521	-1.43192	-0.22898
523	0.47563	0.01791
524	-0.29433	0.46507
527	0.79798	-0.16913
528	0.15459	0.10634
529	-0.47537	0.36766
531	-0.65649	-0.28773
532	-0.01493	-0.49076
533	-0.14303	0.16503
534	-0.20319	-0.00681
535	1.003	-0.27274
536	-0.13307	0.19399
537	0.64099	-0.02883
539	-0.13414	0.1788
540	0.62424	-0.23965
541	0.8244	-0.39439
543	0.69448	-0.11684
544	0.76918	-0.47369
545	0.30143	0.1558
546	0.70003	-0.26968
547	1.54055	-0.65504
548	0.83788	-0.36522
550	-0.29708	0.22564
552	0.9611	-0.35778
553	0.71443	-0.26436
554	0.56415	0.19621
555	0.59929	-0.42575
556	0.69691	-0.15931
557	0.47514	-0.09337
560	-0.0132	0.16167
561	-0.98223	-0.26431
562	0.38129	0.22266
563	0.09744	-0.11408
564	1.0299	-0.29896
568	-0.2749	0.15756
569	-0.28159	0.05973
570	-0.61402	0.25998
571	-0.11438	-0.15487
572	0.29318	0.13838
573	0.17971	0.25471
575	0.58848	-0.17819
579	-0.71081	0.37024
580	0.72196	-0.04155
583	-0.30609	-0.0404
584	0.75125	-0.50037
585	0.58633	-0.44264
586	0.49504	-0.39779
587	-1.59478	-0.19266
588	0.10381	0.50087
590	0.22501	0.00087
591	0.77047	-0.15191
592	0.90882	-0.3322
593	1.13602	-0.71097
595	-1.36045	-0.37973
596	0.3523	0.3997
597	-0.41795	0.2888
598	-1.44129	-0.11259
600	0.46785	0.4797
601	0.97372	-0.29997
602	0.47509	0.24534
603	-0.94739	0.12602
604	0.85865	-0.17795
605	0.81327	-0.03684
606	-0.29169	-0.03086
607	0.4172	-0.06006
608	0.37871	0.25604
609	0.1535	0.31283
610	1.23184	-0.49169
611	-0.09877	0.65622
612	-0.62215	0.1658
613	0.50317	-0.14094
614	0.82709	-0.064
615	0.13713	-0.33142
617	0.88867	-0.25816
618	0.55938	-0.1307
619	-0.16941	0.05348
621	-0.0504	0.32202
622	0.61566	-0.09418
623	-1.55235	-0.21013
624	-0.04915	0.26462
625	0.54331	0.31515
627	0.57432	0.0176
628	0.13339	-0.56065
629	1.26279	-0.45308
630	0.17338	0.18239
631	0.1289	0.60156
632	-0.2043	-0.08751
634	0.61437	-0.46098
635	0.86519	-0.1161
636	-1.18426	0.91677
637	0.76231	-0.63479
638	0.84996	-0.44198
639	-0.3029	0.44768
640	0.84786	-0.09245
641	0.67056	-0.07976
642	0.74964	0.08406
643	-0.05736	-0.10489
644	0.36243	0.40755
645	-0.29298	-0.05662
646	0.71011	-0.36554
647	1.95922	-0.68375
648	0.10807	0.02528
649	0.77827	-0.06733
650	-0.32171	0.31797
651	0.49253	0.12664
653	0.58552	0.64703
654	0.72367	0.14735
656	0.07674	0.01634
657	0.76772	-0.13352
658	0.45122	-0.25093
659	-0.6341	0.38614
660	-0.82028	0.43546
662	0.82231	-0.05875
663	0.13659	0.69217
664	0.69674	0.09998
665	-0.31029	0.40053
667	-0.01306	0.18656
668	-0.06313	0.19071
669	-0.22126	0.19631
670	0.44712	-0.31002
671	0.56135	0.09337
672	0.22201	0.229
673	-1.20763	0.53542
674	0.70058	-0.07146
676	0.17981	0.42791
677	0.48523	0.40911
678	1.32006	-0.48269
680	0.26372	1.03017
681	-0.01644	-0.0203
682	0.38368	-0.19028
683	0.63423	-0.15541
684	1.15682	-0.24703
685	0.06687	-0.0444
686	0.27701	-0.18368
687	-0.59226	0.35007
689	0.19038	0.36287
690	-0.30705	-0.36627
692	0.65139	0.5031
693	-0.61334	0.13985
696	0.15356	-0.0921
697	-0.98761	0.35907
698	0.69922	0.21328
699	0.46051	0.06922
700	-0.02996	0.14039
701	0.44117	-0.15622
702	0.35896	-0.28028
704	0.05007	0.01418
705	-0.09767	0.15566
706	0.08928	0.11032
707	-0.07022	0.08865
709	-0.36392	0.27876
711	-0.79314	0.01975
712	0.7103	-0.03513
713	-0.05929	-0.43708
714	0.48474	0.13373
715	-0.93791	-0.56488
716	-0.02946	0.36301
717	0.31778	-0.10921
718	0.18779	0.25871
719	-1.61204	0.01073
720	0.4412	0.2586
721	0.03727	-0.21112
722	-0.17817	0.1214
723	-0.3667	0.31361
724	0.28078	-0.02582
726	0.37719	-0.0497
727	0.49148	-0.13147
728	0.65772	-0.06068
729	-0.33871	-0.08944
730	0.5118	0.26385
731	0.5958	-0.0234
733	0.49218	-0.41611
734	0.09502	2.0666
735	0.41144	0.10194
736	-0.78048	0.20056
737	-0.17559	0.41536
739	0.79612	-0.2271
740	0.42024	-0.34157
741	0.56477	0.43495
742	0.34304	0.12162
743	0.81238	-0.04372
744	0.40034	0.24579
745	0.21859	0.57755
747	-0.11853	-0.59249
748	-1.10672	-0.50363
752	0.0841	0.38357
753	-0.02496	0.61724
754	-0.20321	0.60279
755	-0.24271	0.45475
756	-0.87506	-0.17721
757	0.68579	0.25833
758	0.48191	0.04121
759	0.0522	0.48004
761	-1.24464	0.28855
762	-0.22148	0.08803
763	0.48561	0.1515
764	0.67884	-0.7263
766	0.67761	0.03822
767	0.14615	0.68949
768	-0.29838	0.23714
769	-0.29096	-0.03313
770	0.28701	-0.41919
771	0.56731	0.02041
772	0.13883	-0.31463
773	0.42585	0.0702
774	0.4812	0.10527
775	0.81914	-0.39927
776	-0.88466	-0.48541
779	0.49726	-0.15249
780	-0.49339	0.12308
781	0.09116	0.59728
782	-0.89524	0.46081
784	-0.63599	0.64825
786	-0.05344	0.70814
787	0.2952	0.51944
788	0.64955	-0.06093
791	0.59066	-0.09114
792	0.5997	0.00416
793	0.5714	-0.55864
794	0.58118	0.07754
795	0.48321	0.40605
796	-1.09865	-0.28759
797	-0.09766	-0.05025
801	0.16074	0.25897
802	-0.29234	0.08572
804	-1.77556	-0.02505
805	-0.91989	0.44763
806	-0.74467	0.11449
808	0.74656	0.07798
809	0.45064	-0.22561
812	1.00117	-0.27159
813	0.36043	0.1836
814	-1.15867	-0.40979
815	0.56996	0.54132
816	0.54737	-0.27164
817	-0.23476	0.16325
818	-0.53318	-0.06128
819	0.27912	0.36685
821	1.56486	-0.61961
822	-0.25698	-0.10602
824	-0.4318	-0.44383
825	-1.45353	0.33184
826	-0.39563	0.30333
827	0.3501	0.52404
830	1.06548	-0.72473
831	0.90154	-0.18907
832	0.74452	-0.04884
833	0.43794	0.26201
834	0.20534	0.26531
835	1.02531	-0.34091
836	0.66131	-0.0679
837	0.71799	-0.46606
838	-0.46158	0.29435
839	0.18497	0.3943
841	0.20486	-0.03408
842	1.17478	-0.39804
843	1.22629	-0.49077
845	0.56684	-0.00703
846	-1.14861	-0.59212
847	1.0552	-0.35868
848	-0.38278	0.22397
850	0.24796	0.41043
851	1.21234	-0.43992
852	-0.10649	-0.28048
853	0.80712	-0.03713
854	0.44721	0.24608
855	0.59401	-0.14055
856	0.5225	0.06362
857	-1.09326	-0.59773
858	-0.12697	-0.01864
859	0.93058	-0.1943
860	0.72904	-0.03129
861	1.10432	-0.35546
863	0.44294	0.08669
864	0.60998	-0.11925
865	-1.41347	-0.13337
866	0.46485	0.56053
867	0.66128	0.01204
868	-0.29306	0.25526
869	0.53383	-0.01035
870	0.35566	-0.00243
871	-0.24407	0.40654
872	1.09355	-0.345
873	0.53464	-0.36953
874	-1.04712	-0.08094
875	0.76379	-0.0956
876	-1.72274	-0.78495
877	0.47422	-0.2287
878	0.71579	0.12079
879	-0.38744	0.10121
880	0.89043	-0.14794
881	0.70319	-0.12222
882	0.62051	0.11973
883	-0.38128	0.36898
885	0.64818	0.33013
886	0.84558	-0.0877
887	-0.02867	0.1721
894	0.64799	0.06701
895	0.92085	-0.34466
896	1.17571	-0.3934
898	0.27837	0.20199
899	-0.24476	0.22667
900	0.74711	-0.03491
901	1.91978	-0.67363
902	-0.62794	-0.16579
904	0.12341	0.53047
905	0.72891	-0.16654
906	0.50255	0.18114
908	0.20099	-0.2414
909	0.25223	0.39774
910	0.68063	0.2316
911	0.63021	0.00175
912	0.32507	0.15293
913	0.42329	0.17892
914	1.09094	-0.5613
915	0.91806	-0.17717
916	0.68682	0.17153
917	0.49591	0.44584
918	-1.06272	-0.35688
919	0.09988	0.05061
920	0.89124	-0.70179
921	-1.10342	-0.08537
922	1.05703	-0.40279
923	0.75006	-0.05375
924	0.95267	-0.438
925	0.71966	-0.0293
926	0.13447	0.35526
927	0.55381	0.02518
928	-0.90175	-0.5632
929	-0.10953	-0.73498
930	0.45407	0.4593
931	0.21298	0.13707
933	-0.15198	0.21768
934	0.5603	0.26273
935	0.98582	-0.25482
936	0.37738	0.12563
937	0.20511	0.12738
939	0.39412	0.15121
940	0.92834	-0.25364
941	0.87274	-0.25461
942	-1.50097	-0.26438
943	-0.08511	0.78066
944	0.3977	0.69243
945	0.79566	-0.12996
946	0.43476	0.32486
947	0.44967	0.07177
948	0.84187	-0.15763
949	-0.54884	0.45805
950	-0.63926	0.0658
951	0.62622	-0.30472
952	1.01504	-0.40345
954	0.39971	0.11324
955	0.95199	-0.33929
956	-0.68057	-0.13562
957	-1.31301	-0.25709
958	0.97646	-0.29033
960	1.02559	-0.31303
961	0.47919	0.54339
962	0.92945	-0.32231
963	-0.49579	0.29701
964	-1.40006	-0.49421
965	0.74495	-0.17444
966	1.05714	-0.34655
967	0.48871	0.14688
969	-0.55641	0.14583
970	0.25996	0.08856
971	0.48252	-0.0081
972	0.72851	-0.07805
973	-0.25488	0.10996
974	-0.51847	0.46936
975	-0.54025	1.39396
976	0.64362	0.06803
977	0.21515	-0.03258
978	0.15745	0.13853
979	0.54956	-0.13051
981	-0.70055	0.03545
982	-0.65943	0.11654
984	-0.02842	0.89473
985	1.22238	-0.43328
986	-0.80341	0.20619
987	-0.66817	0.54199
988	1.10511	-0.39047
989	0.72488	-0.28703
990	0.51347	-0.2133
992	0.4319	0.10799
994	0.676	0.12006
995	0.60946	0.03125
997	0.32655	0.27703
998	-0.67714	0.13572
1000	0.30632	0.22272
1002	0.81506	-0.14625
1005	-1.05066	-1.05067
1008	1.08448	-0.34437
1009	0.82398	-0.21674
1012	-0.12027	0.8976
1014	1.51827	-0.55802
1016	-1.07224	0.13175
1017	-0.72032	0.23999
1018	0.92818	-0.28544
1019	0.70952	-0.14525
1020	0.90875	-0.43596
1024	1.33549	-0.48958
1025	-0.3634	-0.12855
1027	0.31564	0.01261
1028	0.05822	0.09212
1029	-1.1012	0.30821
1030	0.86454	-0.1084
1032	1.05516	-0.37946
1033	1.03613	-0.30443
1035	-1.65567	-0.01602
1037	0.63147	0.21074
1038	-0.00298	0.56707
1041	0.6802	-0.34356
1042	-1.8613	0.49116
1043	-0.15854	-0.11513
1044	-0.77421	0.04099
1045	0.18845	0.7158
1047	-1.7059	0.18205
1048	0.29595	0.02473
1049	0.77463	-0.14812
1052	1.10457	-0.34836
1053	-1.60712	-0.33249
1055	-2.56748	-0.14122
1056	1.12565	-0.35181
1058	-1.78377	-0.17135
1059	0.52795	2.26251
1060	0.90132	-0.16097
1061	-1.34284	0.08224
1062	0.56676	0.08818
1065	0.57198	0.11239
1066	0.72985	0.04577
1068	0.45823	0.08703
1069	0.36321	0.25653
1070	-1.04295	-0.40098
1073	0.16237	0.74996
1074	0.85159	-0.29304
1075	-0.50591	-0.22629
1076	-0.86484	0.16871
1077	0.53838	-0.00434
1078	0.49163	0.18687
1079	-0.02755	1.00391
1081	0.20621	0.34093
1082	0.2436	0.29609
1083	-1.69192	-0.49954
1085	-0.40274	0.17452
1086	-0.80238	-0.46495
1088	-0.29426	0.50826
1090	-0.70996	0.82409
1092	-0.73741	-0.46743
1093	0.48972	0.12939
1094	1.10867	-0.44261
1095	0.43445	0.65847
1097	-0.35886	0.08468
1100	0.3243	0.11785
1101	1.41202	-0.52038
1102	0.36902	0.26773
1103	-0.1988	0.86081
1104	0.68773	0.0132
1105	1.12369	-0.36713
1106	-1.93036	-1.14001
1107	0.68717	-0.15866
1108	0.10431	-1.31528
1109	1.06685	-0.32988
1110	-1.9219	-0.86123
1111	0.42199	0.19935
1112	0.45796	1.30334
1113	-1.10257	0.66512
1115	-1.16186	-0.27546
1116	-0.04231	0.17304
1117	-0.85537	0.8619
1119	-0.77689	1.06299
1120	-0.86672	0.51669
1121	0.50696	0.10134
1123	-1.6083	-0.45182
1124	-0.31487	0.12155
1125	0.00838	0.12652
1126	0.73193	0.02218
1127	0.38314	0.17957
1128	-1.04804	0.01661
1129	-0.82871	0.97024
1133	1.20214	-0.43521
1134	-1.13938	0.39278
1136	-0.15633	0.03175
1137	0.53941	0.29338
1138	0.43776	0.06169
1139	0.51675	-0.05724
1140	0.42086	0.19739
1142	0.30115	0.37065
1143	0.47222	-0.04195
1144	0.20866	0.94378
1145	0.53111	0.03691
1146	0.22362	-0.7891
1148	0.62519	-0.10434
1149	0.17896	3.57854
1152	-2.31763	-0.91599
1153	-1.47724	-0.86355
1154	-0.05799	0.18187
1155	0.67695	-0.05763
1156	1.02097	-0.35423
1157	1.48396	-0.54622
1158	-0.60383	0.13443
1163	-0.46984	-0.21182
1164	0.23577	0.02752
1165	-0.32453	-0.01405
1171	-0.28444	0.19421
1172	-0.07772	0.12959
1173	1.46217	-0.5517
1174	-0.60326	-0.01412
1175	1.06048	-0.12107
1176	-0.7298	-0.35475
1177	-0.34613	-3.01204
1178	1.00226	-0.25461
1181	-0.59561	-0.02351
1182	0.64818	3.32558
1184	-0.04977	0.8537
1185	1.17591	-0.45154
1186	0.86055	-0.47002
1187	0.09749	0.61255
1188	-0.10868	-0.69919
1189	-0.03704	0.06961
1190	-1.31002	0.13521
1191	1.11114	-0.28317
1192	0.12248	0.32671
1193	0.98393	0.2718
1197	-1.08884	0.41811
1198	0.28111	0.32485
1199	1.04535	-0.14572
1200	0.20903	-0.04373
1201	0.24094	0.38505
1202	-1.55426	-0.11273
1203	-0.58275	-0.08752
1204	-1.41972	0.24751
1205	0.53128	-0.15957
1206	1.05539	-0.34406
1208	0.12862	-0.82497
1209	-0.65137	0.53294
1210	-2.34255	0.14587
1211	-0.68233	-0.04735
1214	0.15899	-0.98328
1215	-0.03717	0.82856
1216	0.42046	1.71111
1217	0.27125	-3.8277
1218	1.36085	0.93545
1219	-1.3647	-0.48028
1220	0.72394	-0.0583
1221	0.21721	0.3832
1224	0.674	-0.0431
1225	0.04052	0.52187
1226	-0.20621	0.62926
1227	0.52805	-0.2824
1228	0.46659	0.06043
1229	1.38939	1.63823
1230	-0.50525	-2.75191
1232	0.47687	0.61229
1233	0.27516	2.67358
1235	0.43458	0.13086
1236	0.0646	-1.12871
1237	1.22902	-0.36991
1239	-0.89099	-0.49883
1240	-0.92855	-0.59689
1241	-0.20702	-3.12694
1242	-0.64299	0.63838
1243	0.381	0.10124
1244	1.38872	-0.45845
1245	-0.04231	0.499
1246	-0.08164	0.39143
1247	-0.12101	0.30479
1248	0.12363	0.29769
1249	0.09407	0.03074
1253	0.22905	-0.01928
1254	0.01998	0.65631
1255	0.15004	1.43267
1256	0.9201	-0.17923
1257	-0.0853	1.39144
1258	0.09331	0.44153
1259	1.17324	-0.26603
1261	0.20411	3.08099
1262	-0.9194	-0.50452
1263	-1.06693	-0.66153
1264	0.27677	0.20672
1265	0.00746	0.78855
1266	-1.01051	0.15768
1267	0.66474	-0.53984
1269	1.05998	-0.32451
1271	0.19408	0.79643
1272	-0.65958	0.21973
1273	-0.23342	0.24205
1274	-0.42376	-0.01122
1275	-0.34039	-0.00672
1276	0.94383	-0.32268
1277	-0.22587	0.69965
1278	-0.67248	0.11332
1279	0.29488	0.53515
1281	0.1401	0.25542
1282	1.4674	-0.53015
1283	-0.81859	-0.28107
1284	-0.93651	-0.45225
1285	-0.07032	0.11917
1287	0.2924	0.10276
1288	0.45212	0.00441
1290	-0.21419	0.3053
1292	-1.37412	0.63472
1293	-0.81806	-0.26357
1294	-1.01133	-0.36281
1295	-0.22494	-0.05949
1298	-0.42249	0.36995
1299	0.45821	0.4913
1300	-0.21382	0.29247
1302	-0.16226	0.67714
1303	0.03965	0.03803
1304	0.37469	-0.01576
1305	0.88437	-0.25357
1307	-0.10607	0.58755
1309	0.80868	-0.4607
1310	0.41367	1.76079
1311	0.35808	-0.20368
1312	0.18896	1.14893
1314	0.30104	-0.02802
1315	-0.81883	-0.51024
1316	-1.10304	-0.48841
1317	0.50664	0.13734
1318	0.47903	-0.48594
1319	0.69071	-0.13979
1320	0.08022	0.23148
1322	-0.45592	0.04121
1325	-0.37929	0.45959
1326	-1.67441	0.28186
1327	-0.86161	-0.16943
1328	-1.13052	-0.20513
1330	-0.14479	0.7611
1332	0.29398	0.00435
1333	-1.12784	0.09804
1334	-1.04376	-0.24102
1335	-0.1801	0.56827
1336	0.58635	0.08698
1337	-0.09682	-0.06979
1338	-0.34779	-0.30486
1339	-0.37137	-0.05254
1340	-1.10296	0.33726
1344	-0.50557	0.50296
1345	0.65622	0.21652
1346	0.24863	0.62798
1347	0.44803	-0.1012
1348	0.24782	0.6141
1349	0.54117	-0.01114
1351	0.21905	1.70012
1352	0.47415	0.27994
1353	0.47594	0.14719
1355	-1.46511	-0.08078
1356	-0.19653	0.66738
1358	0.20246	-0.08105
1359	0.29654	0.17403
1360	-0.58797	0.27789
1361	0.06707	0.11278
1362	0.61767	0.44729
1363	0.12995	0.34248
1364	0.55008	0.12003
1365	0.29815	0.78384
1366	-1.17855	-0.02441
1368	-1.00201	-0.00807
1369	0.06763	1.54376
1370	-1.01179	-0.3243
1371	-0.25166	-0.80852
1372	-1.51254	-0.75293
1373	-1.66802	-0.42701
1374	1.60487	-0.56429
1375	-0.11	0.22148
1377	-0.64168	0.30276
1378	0.40959	-0.3387
1380	0.59323	-0.30539
1381	0.34188	-0.10095
1382	0.36833	0.45305
1383	-1.40116	0.0862
1384	-0.96434	0.03644
1385	0.04013	0.22815
1386	-0.07944	0.2397
1387	0.3425	0.50749
1389	0.31274	0.23412
1390	-0.07677	0.80571
1391	1.21514	-0.45427
1392	-0.34591	0.20944
1393	0.05729	0.60905
1394	0.65073	0.26279
1395	0.51263	0.3778
1397	0.24021	0.45161
1398	-0.22434	0.30533
1399	-0.36652	0.37917
1400	-0.34533	0.23319
1401	-0.05024	-0.62939
1402	0.85298	-0.09825
1403	0.50484	0.14823
1404	0.29595	0.47391
1405	0.40295	0.31872
1406	0.08224	0.83825
1408	0.47767	-0.14225
1409	-1.02178	-0.5804
1410	-0.38359	0.86255
1411	0.54413	0.29696
1412	-0.1559	0.26084
1414	-0.97908	-0.44793
1415	0.05168	0.54007
1416	-0.97929	-0.47736
1417	-1.09142	0.34549
1418	-0.9648	0.23057
1419	0.30717	0.36828
1420	-0.89363	0.02398
1421	0.25089	-0.14865
1422	-1.06358	0.5056
1423	-1.57936	0.44036
1424	0.25821	0.79669
1425	1.19955	-0.38991
1426	0.48238	0.22283
1427	1.22886	-0.4113
1428	-0.88531	0.02035
1429	0.57824	-0.22689
1430	-0.02267	0.20917
1431	-0.63441	0.31219
1433	0.52424	0.34127
1435	0.92026	-0.18232
1436	-0.16652	0.25096
1437	-0.58739	0.33565
1438	-0.05475	0.62758
1439	0.62117	-0.05912
1443	1.04046	-0.25902
1444	-0.44824	0.42786
1445	0.69425	-0.0716
1447	0.54617	-0.02427
1448	-1.14739	-0.51178
1449	-0.91528	-0.33012
1450	0.22282	0.38075
1451	-0.01722	0.71681
1452	0.38769	0.08691
1453	0.61161	-0.0237
1454	-0.37666	0.37241
1455	0.51902	0.13037
1456	1.13456	-0.41173
1457	0.70094	-0.40133
1460	0.32834	0.95084
1461	0.64161	-0.00778
1462	0.52097	0.11158
1463	-0.4866	0.21475
1464	0.51783	0.12596
1466	0.68435	-0.13826
1467	-0.14721	0.08011
1468	-0.00111	0.6393
1469	0.19388	0.87355
1470	0.71804	0.05604
1471	-0.38561	0.22467
1472	-1.40474	0.33666
1473	-0.37559	0.85306
1474	1.17862	-0.40241
1475	1.24384	-0.44841
1476	0.28329	0.31059
1477	0.0973	0.06508
1478	1.03189	-0.30044
1479	0.58262	0.13647
1480	0.45377	0.0794
1481	0.36468	0.30821
1482	0.87431	-0.16263
1483	0.18033	-0.09466
1484	-0.86145	0.10816
1486	0.20619	0.0372
1487	0.14294	0.60364
1488	0.34396	0.33942
1489	0.44979	-0.39068
1490	-0.70623	0.05465
1491	0.41601	-0.20554
1492	-0.51383	0.44637
1493	0.57501	-0.17158
1494	0.93594	-0.55267
1495	0.75892	-0.10717
1496	-0.55161	0.27489
1497	0.5098	0.13319
1498	-1.35725	0.14196
1499	0.68876	-0.04475
1500	0.13836	-0.01205
1501	-0.64481	0.23541
1502	-0.67411	-0.06649
1503	-0.82471	0.45032
1504	-0.77903	-0.37932
1505	0.46378	0.22733
1507	0.66593	-0.5685
1508	0.41695	0.37856
1509	-0.56251	0.23345
1510	-0.23179	-0.14545
1512	-0.3095	0.11338
1513	0.42501	0.24157
1514	0.64139	-0.49758
1515	-0.82041	0.13685
1516	0.41124	0.37906
1517	0.80259	-0.19675
1518	-0.32038	-0.34184
1520	0.51332	-0.19696
1521	-0.19214	0.26777
1522	-0.24539	-0.13425
1523	1.5995	-0.58335
1524	-1.85751	0.79529
1525	-1.093	0.55944
1526	1.08222	-0.28103
1527	-1.69705	0.53879
1528	0.06293	0.39716
1529	0.00855	0.15233
1530	0.50931	0.20377
1531	0.97076	-0.23756
1532	-0.91323	-0.0359
1533	-0.52145	0.30035
1534	0.22942	0.4389
1535	-0.06129	0.08208
1536	0.34059	-0.83367
1537	0.9884	-0.25753
1538	0.73417	0.07216
1540	0.41694	-0.56122
1541	0.56241	-0.3811
1542	-0.34717	0.26188
1543	0.37965	0.58987
1544	-1.00485	0.2054
1546	-0.61361	-0.48722
1547	-0.54683	0.29018
1548	0.0894	0.6048
1549	-0.78545	0.37197
1550	-0.90425	-0.40843
1551	-0.84378	0.41034
1552	0.40572	-0.06309
1554	-1.60701	0.10821
1555	0.44354	-0.44629
1556	0.60447	-0.01733
1557	-0.88471	0.35395
1558	-0.19535	0.63891
1559	-2.54051	1.12643
1560	-1.0738	-0.48304
1561	-1.59248	0.44315
1562	-0.4291	0.69687
1563	-1.54595	-0.47174
1564	-0.06312	0.56162
1565	-0.30096	0.26283
1566	-0.58597	0.2582
1567	-1.07153	0.14551
1568	0.20185	-0.08555
1569	-0.05767	0.98671
1570	-0.38761	-0.09367
1571	0.24866	0.28452
1572	-0.19946	0.57105
1573	-0.94522	0.25793
1574	-1.30201	-0.31273
1575	-0.37327	0.32621
1577	-3.46369	1.7703
1578	-0.77218	0.44478
1580	-0.03285	0.68619
1581	-0.47361	0.26274
1582	-0.45081	0.74223
1583	0.3357	-0.26901
1584	0.68877	-0.08124
1585	-0.79126	-0.58486
1586	-0.50766	0.24501
1587	0.49267	0.35999
1588	0.4847	0.00691
1589	-1.31575	-0.12578
1590	-0.01644	0.13816
1591	-0.93442	0.66493
1592	-1.05001	-0.4465
1593	0.12195	-0.86875
1594	0.91714	-0.39423
1595	-1.56943	-0.6634
1596	-0.87084	-0.33471
1597	0.37176	-0.33204
1598	-0.26544	-0.09085
1599	-0.67689	0.3883
1600	0.21503	-1.49153
1601	0.48311	-0.03385
1602	-0.82402	0.00091
1603	0.12775	0.34096
1604	-0.24856	0.20448
1605	0.24497	-0.33124
1607	-0.68996	-0.66082
1608	-1.204	-0.65675
1609	0.09264	-0.99116
1610	-0.68154	0.25876
1611	-0.84922	-0.46746
1612	-1.08976	0.39113
1613	-0.55533	0.04649
1614	-1.08975	0.13387
1616	0.07291	-0.0095
1617	-0.60146	0.10333
1618	-0.40969	0.64609
1619	-0.67749	0.49141
1620	-1.06254	-0.59146
1621	-0.03431	0.10783
1622	-0.80435	0.80284
1624	0.71221	-0.03114
1625	-0.97628	0.22272
1626	-0.35005	0.17874
1628	0.40442	0.4207
1629	-0.28962	-0.23527
1630	0.38985	-0.1371
1632	-0.64964	0.3281
1633	-0.64979	0.61604
1634	0.36545	0.23497
1635	-0.65895	0.88917
1637	1.44549	-0.53271
1638	-1.05204	0.43922
1639	-1.03222	0.40515
1640	-1.15871	0.54805
1641	-0.17494	0.42758
1642	-0.72595	0.5982
1644	-0.74802	0.61911
1645	-1.05689	-0.78921
1646	-0.82691	0.36757
1647	-0.38569	0.34371
1648	-0.16221	0.53381
1649	-1.10792	-0.14075
1650	0.81707	-0.14455
1651	0.02935	0.44863
1652	-0.38208	0.07625
1653	0.54803	-0.0752
1654	0.4635	0.49695
1655	0.54986	-0.29435
1657	-0.72948	-0.12479
1658	0.34273	-0.04591
1659	0.14319	-0.01677
1660	-1.33635	-0.50318
1661	0.6127	-0.16063
1662	0.08745	0.08825
1664	-0.24341	0.04874
1665	0.51203	0.59285
1667	0.05946	-0.27488
1668	-1.03551	-0.50386
1669	0.48686	-0.20641
1670	-0.28809	0.36808
1671	0.47823	0.00522
1672	0.27637	0.79439
1673	0.55096	0.63262
1674	0.75222	-0.30054
1675	0.44625	0.74864
1676	-0.90483	0.91462
1677	-1.27622	-0.34451
1678	0.193	-0.15439
1679	-0.24555	0.70007
1680	-0.89691	-0.11725
1681	0.68743	0.03685
1682	0.34842	0.19716
1683	-1.0946	0.71836
1684	0.46029	0.62461
1685	0.33921	-0.23999
1686	-0.19385	0.11988
1687	-0.38859	0.45381
1688	-0.95634	0.40136
1690	-0.39202	0.19592
1691	-0.76884	-0.06956
1692	0.21124	0.36466
1693	-0.23996	0.07851
1694	-0.27548	0.21659
1695	-0.76687	0.52374
1696	-0.87422	0.30885
1697	-1.06928	0.31576
1698	-1.29795	-0.75949
1699	0.98961	-0.25956
1700	-1.27729	-0.85974
1701	0.09559	0.17997
1702	1.30358	-0.47439
1703	-0.38478	0.6591
1704	0.05095	0.18814
1705	0.45362	0.11603
1706	0.14939	-0.12874
1707	-0.73866	0.1827
1709	-1.02269	0.55957
1710	-1.12095	0.14477
1711	-0.06818	-0.20986
1712	-0.09078	0.01257
1713	0.54217	-0.21245
1714	-0.10671	0.05025
1715	0.6385	-0.41701
1716	0.28318	-0.33276
1717	-1.11877	0.92145
1719	2.29549	-0.74466
1720	-0.30514	0.27374
1721	0.79409	-0.36839
1722	0.75768	-0.068
1724	-0.27139	-0.15433
1725	-0.08251	-0.17055
1726	0.60331	-0.33757
1727	-0.68066	0.18041
1729	-0.23118	0.56243
1731	-1.24563	0.40974
1734	-0.44173	0.2723
1736	0.9033	-0.31986
1737	-0.84143	0.17447
1738	-0.15681	0.32242
1739	0.41534	0.27757
1740	1.12159	-0.37167
1741	1.34262	-0.49161
1742	-0.94688	0.37187
1744	0.67044	0.2295
1745	0.71956	-0.0201
1746	0.73866	-0.18849
1747	0.21429	0.49249
1748	0.65179	0.10746
1749	0.19781	0.02777
1750	0.16577	0.47607
1751	0.58916	-0.29933
1752	0.31535	0.14519
1756	-0.52358	0.04193
1757	-0.29336	0.48923
1758	-0.58651	0.36675
1759	0.36496	0.13059
1760	-0.0738	0.17961
1761	-1.146	0.452
1762	0.59442	-0.09298
1763	0.36913	-0.19373
1764	0.12465	0.6079
1765	0.25607	0.09276
1766	-0.55671	0.9942
1767	0.4355	0.01878
1768	0.30714	0.33874
1769	0.63311	-0.15142
1770	0.88887	-0.14068
1771	1.33398	-0.48859
1772	0.14038	-0.16132
1773	-0.36204	0.73706
1774	0.20079	0.03852
1775	-0.07881	0.03759
1777	-0.0574	-0.35903
1778	0.89889	-0.15322
1779	0.90415	-0.2276
1780	-0.35219	-0.20605
1781	0.59295	0.33126
1782	-0.24157	-0.50318
1784	0.06019	0.32717
1785	-0.79397	-0.36007
1786	0.61459	-0.0057
1787	-0.60356	0.94714
1788	-0.14817	-0.13017
1789	0.07398	0.04473
1790	0.74476	-0.34317
1792	0.28296	-0.02686
1793	-0.56338	0.5487
1794	0.2675	-0.32804
1795	-0.95155	-0.8624
1796	-0.19707	0.00415
1797	-0.33559	-0.30969
1798	0.53457	0.00693
1799	0.43361	0.0622
1800	0.44589	0.37973
1802	-1.43043	-0.82286
1803	-0.09673	-0.08471
1804	-0.43503	-0.2397
1805	0.27061	0.07965
1807	0.82702	-0.05271
1810	0.27549	0.46689
1811	0.28609	0.38536
1812	0.35038	-0.23711
1813	-0.10254	0.00351
1814	0.00236	0.44632
1815	1.62491	-0.59066
1816	0.46113	0.64603
1818	0.76337	-0.27648
1819	0.06901	-0.07736
1820	-1.25936	0.33504
1821	0.41698	0.16247
1822	-0.3304	-0.02781
1824	0.37706	0.33309
1825	-1.06558	0.5641
1828	0.0357	0.65548
1830	0.33836	0.37249
1832	0.34132	0.04445
1836	-0.65711	1.00728
1837	0.55689	-0.24869
1838	1.04106	-0.31095
1839	-0.20894	0.72315
1840	-0.35285	0.43146
1841	-0.91289	-0.74865
1842	0.49183	0.08996
1843	-0.548	0.36702
1844	0.48759	0.0355
1845	0.43215	0.28509
1846	0.91175	-0.25777
1847	0.39801	0.54465
1848	-0.86749	0.12602
1849	-0.85133	0.7255
1850	-0.30442	0.17318
1851	0.15752	0.30955
1852	-0.55629	0.21386
1853	-0.26108	1.08831
1854	0.26601	0.11459
1855	-0.63193	-0.29024
1856	0.37155	0.36146
1857	0.43043	-0.03067
1858	0.18736	0.61842
1859	0.45954	0.79431
1860	-0.7345	0.65877
1861	0.28697	0.6999
1862	0.63502	-0.06812
1863	0.04317	-0.13393
1864	-0.94639	0.53778
1865	-0.67004	1.13509
1867	-0.50367	-0.13657
1868	0.04739	0.22178
1869	-0.45336	0.81653
1870	0.3469	0.21218
1871	0.16872	1.14813
1872	0.46618	0.05838
1873	0.43539	0.46719
1874	-0.39193	-0.24168
1876	0.31015	1.11221
1877	0.32075	1.13182
1878	0.11476	0.52868
1879	0.52357	0.28744
1880	-0.08207	-0.23349
1881	0.0119	0.10759
1882	0.78157	-0.24941
1884	0.48194	-0.13376
1885	0.34211	0.66295
1886	0.42066	0.27729
1889	0.3975	0.02347
1890	-0.43257	0.06581
1891	0.53906	0.62214
1893	-0.10021	0.40434
1894	0.11634	0.39464
1895	-0.06653	0.87748
1896	0.17346	-0.40625
1897	0.41476	0.39647
1899	-0.08228	-0.00585
1900	0.53516	-0.23198
1901	0.00486	0.31879
1902	0.47457	0.19604
1903	0.2402	0.21758
1904	0.51441	0.66632
1905	0.12225	0.15253
1906	1.01651	-0.35645
1908	-0.09194	0.5016
1909	-0.17044	0.29105
1910	0.63303	-0.09857
1911	0.63808	0.43212
1912	0.49694	-0.12423
1913	-0.01649	0.08687
1914	-0.56271	0.55767
1915	0.59778	-0.22549
1916	0.23668	-0.07201
1917	0.4647	0.62367
1918	0.06408	0.5587
1919	0.33123	0.22741
1920	0.71281	-0.08308
1921	0.6416	-0.16656
1922	-0.01573	0.61902
1923	-0.29872	0.07981
1924	0.19957	0.57534
1926	0.62513	0.07337
1927	-0.84818	-0.27745
1928	0.33816	0.13138
1929	-0.20004	0.20754
1930	-0.57309	0.93791
1931	-0.79592	-0.59881
1932	-1.00489	0.67322
1933	0.49777	0.66336
1934	-0.22969	0.06437
1935	0.75632	0.1739
1936	-0.0372	-0.21573
1937	-0.6353	0.50003
1938	0.9229	-0.18547
1939	0.48832	0.91112
1940	-0.07103	-0.08427
1941	0.29048	0.31228
1942	0.48503	0.72071
1943	0.63544	0.13239
1945	0.44092	0.31478
1946	0.28813	0.31348
1947	1.20537	-0.45198
1948	-0.63218	-0.31952
1949	0.67723	-0.16186
1951	0.4333	0.06245
1952	0.74619	0.07215
1953	0.25067	1.33271
1954	-0.12593	0.26487
1955	-0.09748	-0.01552
1956	0.26591	0.08371
1957	-0.33873	-0.20766
1958	0.2151	0.40508
1959	0.35407	0.56589
1962	0.19621	0.05065
1964	0.51881	0.30281
1965	-0.34696	0.89857
1966	-1.26734	1.18085
1967	-0.59684	-0.0098
1968	-0.54799	0.28962
1969	0.47035	0.45194
1970	-0.41141	0.47926
1971	0.05423	-0.29171
1972	-0.99806	-0.57285
1973	0.88714	-0.36687
1974	0.13721	1.02555
1975	-0.66617	0.32
1977	0.55185	0.12763
1978	0.56254	0.31299
1979	-1.22946	-0.74903
1980	0.27291	0.36033
1981	-0.24573	0.20527
1982	-0.02851	-0.01598
1983	-0.75479	-0.1119
1984	-0.9657	-1.34709
1985	0.415	-0.16203
1986	0.57432	0.05309
1987	0.32717	0.54023
1988	0.60111	0.04829
1989	1.40288	-0.50516
1990	0.70635	-0.09737
1991	0.27864	-0.16927
1992	0.8242	-0.05777
1993	0.47957	0.13045
1994	-0.17132	0.82354
1995	0.30385	0.40634
1996	0.02301	0.54525
1998	-0.26781	0.24773
1999	0.49436	-0.11176
2000	0.34181	0.50972
2001	-0.82756	-0.33079
2002	0.10032	-0.60082
2003	-0.97968	0.45034
2004	-1.95765	1.47893
2005	1.20837	-0.4267
2006	0.51538	-0.07063
2007	-0.28578	0.11128
2008	0.37422	0.18757
2009	0.15252	-0.2485
2010	-0.31784	0.07933
2011	0.29547	-0.0956
2012	0.41918	0.33888
2013	-0.00861	0.14321
2014	0.32677	-0.36285
2016	1.23093	-0.37339
2017	-0.04722	-0.08631
2018	0.15571	1.38351
2019	1.09726	-0.39584
2020	-0.17343	0.78958
2021	-0.30007	-0.08577
2022	-0.30279	-0.97326
2023	-0.44386	-0.06103
2024	-0.1895	-0.20155
2025	-0.05469	-0.29377
2026	-0.1757	-0.09377
2027	-0.2616	-0.15355
2028	0.89362	-0.31823
2029	-0.88871	-0.57663
2030	0.59769	-0.80348
2031	-1.10133	-0.91576
2032	0.42777	-0.52567
2033	-0.10524	0.07995
2034	0.64976	-0.02106
2035	-0.05493	-0.03919
2036	-0.74361	0.6179
2037	-0.35758	0.73602
2038	-0.74875	-0.33738
2039	0.01193	0.39823
2040	-0.07805	-0.1197
2042	0.48825	-0.05125
2043	0.25259	-0.27756
2044	0.59621	0.00811
2045	1.06804	-0.3312
2046	-1.62133	1.18133
2047	0.09643	-1.1852
2049	-0.07543	0.18233
2051	1.08479	-0.42864
2052	0.01853	-0.38005
2053	0.76246	0.06288
2054	0.55152	0.44124
2055	0.7271	-0.28455
2056	0.07382	0.53942
2057	-0.40548	0.63463
2058	-0.1375	-0.0687
2059	-0.91766	-0.60545
2060	-0.12853	0.44313
2061	0.64155	0.08009
2062	0.33268	0.17255
2063	0.52512	-0.20652
2065	0.03513	0.22603
2066	0.43094	0.04276
2067	0.54717	0.02122
2068	0.15063	0.23914
2069	0.20328	0.64779
2070	0.49571	0.15449
2071	0.13716	0.288
2072	0.36778	0.20103
2073	0.72185	-0.22684
2074	-0.68443	0.44139
2075	0.39602	0.08921
2077	-1.24544	-0.55935
2078	-0.4416	0.072
2080	0.73202	-0.2143
2081	0.20876	-0.26439
2082	0.11134	-0.09043
2083	-1.55467	0.51247
2084	-0.10954	0.44015
2085	-0.28462	-0.14296
2086	-1.13487	0.55936
2087	-1.00747	-0.23559
2088	0.5813	0.07182
2089	0.18957	0.96013
2090	0.387	0.55791
2091	-0.17629	0.38731
2092	-0.4302	0.33906
2094	0.19101	-0.51503
2095	1.3082	-0.50582
2096	-2.63889	1.68237
2097	0.10345	0.49204
2098	-0.31837	0.73518
2099	-0.59632	0.5752
2100	0.44483	-0.02073
2101	0.75379	-0.14283
2102	-0.32717	0.7924
2103	-0.76562	-0.45769
2104	-0.41197	0.80922
2105	-0.07344	-0.47791
2106	-1.76138	1.73338
2107	0.51464	0.0846
2108	-1.23325	-0.91182
2110	-0.38855	0.65464
2111	0.46313	0.12788
2112	-0.12951	-0.16632
2113	-0.05754	0.55163
2115	0.2909	0.30394
2116	-1.00119	-0.52324
2117	0.63456	-0.10419
2118	0.55209	-0.02048
2119	0.08671	1.24673
2120	-0.20367	-0.53681
2121	-0.78991	-0.29297
2122	0.84493	-0.40079
2123	-1.04361	0.17736
2124	-1.8974	1.15229
2127	0.4848	-0.04582
2128	0.9676	-0.4614
2129	0.27152	0.0232
2131	-0.5516	-0.48063
2132	-0.58687	0.30443
2133	0.6605	-0.04683
2134	0.3617	-0.15229
2135	-0.06975	0.64453
2136	0.20222	-0.70167
2137	0.41718	0.27385
2138	-0.83	-0.52848
2139	0.74361	-0.68066
2140	-0.74431	-0.29223
2141	-0.25269	-0.34507
2142	0.04651	0.5414
2144	-0.89049	-0.50868
2145	0.72792	-0.01193
2146	0.81319	-0.03966
2148	0.47094	-0.1276
2149	0.44586	0.32664
2150	-0.60847	0.63754
2151	-0.14807	-0.3701
2153	0.56804	0.11359
2155	0.60826	-0.05375
2156	0.57259	-0.15088
2157	0.27832	0.33549
2158	-1.37551	-0.26739
2159	0.5392	0.64889
2161	-0.36188	-0.33927
2162	0.47633	0.24212
2163	1.10342	-0.35914
2164	0.22984	-0.216
2165	0.41106	0.32603
2167	-0.15162	0.62658
2168	0.45823	0.13779
2169	1.09656	-0.53304
2170	-0.31882	-0.42828
2171	0.2878	0.38334
2172	0.85687	-0.43951
2173	0.13417	0.39627
2174	0.6766	0.26743
2175	0.60492	-0.14577
2176	0.92325	-0.18257
2177	-0.35694	-0.24207
2178	0.55053	0.12037
2179	0.71985	0.30722
2180	-0.84751	-0.60843
2181	0.95488	-0.33319
2182	0.6469	-0.00009
2184	0.50294	0.27502
2185	0.36771	0.31561
2186	0.65942	-0.16113
2187	0.3646	0.07444
2188	0.72439	-0.33134
2189	0.62799	0.0234
2190	-0.72664	-0.29221
2191	0.19796	0.22115
2192	0.59683	-0.08436
2194	0.52722	-0.14807
2195	1.00331	-0.40036
2196	1.09239	-0.35039
2198	0.82478	-0.2775
2199	0.67427	-0.1882
2200	0.26091	0.1796
2201	-0.74676	-0.59574
2202	0.2244	0.31828
2203	-0.11863	-0.31048
2204	-1.11341	-0.73032
2205	1.19267	-0.43671
2206	0.83062	-0.14467
2207	0.18504	0.77183
2208	0.33206	0.43956
2209	-0.26437	-0.136
2210	0.26678	0.37085
2211	0.37879	0.15282
2213	-0.31295	-0.24941
2214	-0.27985	0.31208
2215	-0.95015	-0.65073
2216	-0.03719	-0.25049
2217	0.34992	0.63315
2219	0.61592	-0.11288
2220	0.19941	0.07562
2221	0.43468	0.04479
2222	0.51778	-0.24707
2223	0.20131	0.2539
2224	0.08067	0.43959
2225	0.9293	-0.24043
2226	0.36416	0.4592
2227	-1.77991	-0.98718
2228	0.84016	-0.42833
2229	0.48806	-0.10068
2230	0.6148	-0.45639
2231	-0.11791	-0.15288
2232	-0.25099	0.12134
2233	-0.85853	0.14306
2234	-0.64326	-0.09295
2235	-0.77264	-0.40849
2236	0.3296	0.22479
2237	0.38936	0.27619
2238	0.6476	0.23248
2239	-1.8522	-1.25525
2240	0.04172	-0.25037
2241	0.22521	-0.70433
2242	0.20725	0.37722
2245	-0.36058	-0.07133
2246	0.30592	0.10807
2247	0.8222	-0.15425
2248	-0.1687	-0.1549
2249	0.76644	-0.19347
2250	-1.13428	-0.21754
2251	-0.46679	0.08255
2253	0.15809	0.68703
2254	-0.9157	-0.7513
2255	-1.25498	-1.15977
2256	0.41624	-0.03741
2257	0.0377	-0.89622
2258	0.66373	-0.05972
2260	-0.27396	0.40152
2261	-1.22103	-0.77654
2262	0.45992	-0.20339
2263	0.75892	-0.20724
2264	0.81419	-0.30668
2265	-0.56216	0.37935
2266	-0.41148	-0.04444
2267	0.17248	0.05042
2268	0.05005	0.36147
2269	0.09601	-0.36607
2270	0.88114	-0.62969
2271	-0.45328	-0.17119
2272	-1.38625	-0.94329
2274	-0.4402	0.38557
2275	-1.04686	-0.71232
2276	-1.29269	-0.84991
2277	0.10314	-0.11255
2278	-0.22292	-0.06368
2279	0.18433	0.09822
2280	-0.2626	0.10866
2282	-0.51572	-0.13458
2283	-0.29273	-0.67705
2284	-0.28492	-0.33908
2285	-0.28495	0.19447
2286	0.51174	-0.11255
2287	0.84531	-0.21399
2288	0.82992	-0.17476
2289	0.55328	-0.55136
2291	0.35088	0.22458
2292	0.3972	-0.0232
2293	-0.96242	-0.18222
2294	0.4039	-0.08492
2295	0.46424	0.13789
2296	1.29506	-0.49119
2297	1.42189	-0.54278
2298	0.71247	-0.07723
2299	0.54413	0.06626
2300	0.51924	0.09009
2301	0.34654	0.09643
2302	0.21406	-0.51818
2303	0.67319	-0.04372
2304	0.5326	-0.08207
2305	0.54199	-0.38012
2306	-0.19387	-0.59551
2307	-0.51779	0.11241
2308	0.89805	-0.41647
2309	-0.04131	0.12279
2310	0.43742	-0.23015
2311	-0.26822	-0.17372
2313	0.48642	0.01501
2315	-0.28574	0.07221
2316	-0.14836	-0.25107
2317	-0.25971	0.66968
2318	-0.975	-0.34997
2319	0.49271	-0.17796
2321	-0.03902	-0.29219
2322	-0.29555	-0.55409
2323	-0.60874	0.21241
2324	0.46921	-0.43911
2325	0.25849	-0.45251
2326	-0.38218	0.30576
2327	0.05223	-0.30486
2330	1.30326	-0.47564
2331	0.26211	0.03448
2332	0.54515	0.14941
2333	-0.30608	0.91876
2335	-0.94377	-0.87859
2336	-1.1981	-0.83839
2337	0.24897	0.51139
2338	0.41798	-0.23185
2340	-1.18833	-0.60114
2341	0.02885	-0.18754
2342	0.31449	0.40703
2343	-0.76266	0.092
2344	0.24594	0.41563
2345	0.27031	0.56067
2346	0.75267	-0.14167
2347	0.11425	-0.01347
2348	-0.6994	-0.30568
2349	0.597	0.06901
2352	1.10482	-0.37195
2353	-0.55361	0.35656
2354	0.22482	0.03662
2355	0.52114	0.15383
2356	0.34633	0.81426
2357	-1.00489	-0.63381
2359	0.40838	-0.11267
2360	0.50856	-0.01287
2361	0.4875	0.36413
2362	0.59795	0.09884
2363	0.06248	-0.04954
2364	0.79522	-0.3157
2365	0.55452	0.20675
2366	-0.48072	-0.05702
2367	0.19327	0.24984
2369	0.04155	-0.5364
2370	-0.90062	-0.33647
2371	0.16045	-0.01778
2373	-1.57654	-0.52857
2375	-0.37252	-0.11202
2376	0.36741	0.22197
2378	0.2159	0.42015
2379	1.44487	-0.53188
2381	-0.08782	-0.11662
2382	0.36434	0.02637
2383	0.3688	0.097
2385	-0.04951	-0.76114
2386	0.25793	0.41071
2387	-0.29417	-0.70373
2389	0.90428	-0.38905
2390	-0.48902	-0.30929
2391	-0.21765	0.08324
2392	0.75638	-0.38182
2394	0.3983	0.04973
2395	-2.02595	-1.14226
2396	0.47747	0.13811
2397	-0.67351	0.14065
2398	0.49366	-0.34574
2399	0.79693	-0.02036
2400	-0.9204	-0.45957
2401	0.59889	-0.15885
2402	-0.15816	-0.43317
2404	0.92304	-0.50708
2405	-0.74897	-0.29353
2406	0.25115	-0.01945
2407	0.24323	0.24299
2408	-0.19875	-0.14773
2409	0.44593	0.1241
2410	-0.59557	0.49003
2411	-1.45918	-0.79531
2412	-1.40561	-0.81213
2413	-0.2438	0.05663
2414	-1.19812	-0.84721
2415	-1.28937	-0.57562
2416	0.72292	0.153
2417	0.14918	-0.28138
2418	0.44662	-0.06389
2419	-0.38387	-0.17048
2420	0.09134	0.83497
2421	-0.69373	0.14334
2422	-1.58497	-0.87122
2423	-0.13015	-0.16239
2424	-1.24891	-0.44003
2425	-1.92708	-0.70351
2426	-0.42413	-0.06831
2427	-0.97577	-0.32691
2428	-0.39025	0.07137
2429	0.45	0.21775
2430	-0.23041	0.0294
2431	-0.87925	-0.35199
2432	-0.65264	0.35802
2433	1.18908	-0.41595
2434	0.55336	-0.20003
2435	-1.13387	-0.7358
2436	-0.10273	0.31182
2437	0.31974	0.29306
2438	-0.51255	-0.27412
2439	0.31792	0.22324
2440	0.36039	0.31021
2441	-1.0483	0.31349
2442	0.3744	0.26827
2443	-0.08953	0.39917
2444	-0.21285	0.28074
2445	-1.52572	1.18195
2446	-0.7926	0.02038
2447	0.76804	-0.40214
2450	-0.72433	0.85161
2451	0.55385	0.25434
2452	-2.52174	-1.10686
2453	0.27858	-0.34653
2455	0.17436	0.31778
2458	0.0819	0.08399
2459	-1.04165	0.86787
2460	0.26992	0.19576
2461	0.48868	-0.11299
2462	-0.25388	0.03314
2464	0.54568	0.15512
2465	-0.68311	-0.56987
2466	0.66919	-0.19442
2468	-1.45108	-0.90659
2469	0.83365	-0.15348
2471	-0.81322	-0.02625
2472	-1.17949	-0.90706
2473	-0.28252	0.57804
2476	-0.45994	-0.08862
2477	-0.00619	-0.36746
2478	-0.41382	0.39737
2479	0.04674	-0.15241
2480	-1.16972	0.61112
2481	0.28601	-0.13766
2482	0.6222	0.27986
2483	-1.1451	-0.84272
2484	-0.55302	0.94858
2485	0.02184	1.11294
2486	0.2807	0.58291
2488	1.2251	-0.46162
2489	0.06738	-0.04693
2490	0.88043	-0.13452
2491	0.52463	-0.10734
2492	0.91663	-0.25846
2493	1.07229	-0.41315
2494	-0.51382	0.21034
2495	-0.13247	0.54585
2496	0.07461	0.00925
2497	0.02114	-0.2729
2498	0.70399	0.13658
2499	-0.17077	0.65832
2500	-1.59055	-0.93246
2502	0.00594	-0.06726
2503	-0.59046	0.54467
2504	-2.18704	-1.13782
2505	-0.66602	-0.65837
2507	0.03297	0.55228
2508	-1.48789	-0.32327
2509	0.56065	0.1677
2510	0.59511	0.22487
2511	0.2096	0.49586
2512	-1.4193	1.03468
2513	-0.47262	-0.03487
2514	-0.534	-0.4282
2515	-0.42516	0.48073
2516	-0.02649	-0.67679
2517	-1.18563	-0.3909
2518	-0.06459	0.23536
2519	0.5895	0.09499
2520	-2.33066	0.30472
2522	-0.28821	-0.47262
2523	-0.28798	-0.0921
2524	0.62686	-0.04527
2526	-1.45449	-1.01164
2527	0.44976	-0.7607
2528	0.07776	-0.87384
2529	-0.64529	0.03147
2530	-0.80453	0.47996
2531	-1.38251	-0.72178
2534	-1.23477	-0.37041
2535	2.85848	-5.09096
2536	0.17995	-0.31858
2537	0.2039	0.00613
2538	-0.35441	-0.21686
2540	0.68254	0.05621
2541	-0.18753	0.21135
2542	-1.47387	-0.69146
2543	0.12951	-0.02626
2545	0.33842	-0.32403
2546	-0.17615	0.21715
2547	-0.02897	-0.13036
2548	-0.07862	0.69459
2549	0.13559	0.49657
2550	-0.51526	-0.54503
2551	0.61472	0.0938
2552	0.29559	-0.1578
2554	-0.65741	-0.54687
2555	0.22539	-0.13451
2556	0.8308	-0.18946
2558	-0.29807	-0.67102
2559	-0.73488	-0.33616
2560	-0.6004	0.75475
2561	0.76772	0.03329
2562	0.52306	-0.01997
2563	0.12588	0.67762
2565	-1.02789	-0.64126
2566	0.37843	0.1989
2567	-0.86662	-0.51668
2568	-0.78189	-0.94854
2569	0.52773	0.68629
2570	-0.6447	0.72611
2571	-0.41316	0.41374
2572	-0.4786	0.1873
2573	0.32265	0.50368
2574	-0.71766	-0.36573
2575	0.28316	0.32281
2576	0.95513	-0.30383
2577	-0.24257	-0.2135
2579	0.38167	0.18667
2580	0.04189	-0.1489
2581	0.40916	0.31266
2582	0.33795	-0.63804
2584	0.44815	0.32073
2585	0.17552	0.3589
2586	1.11757	-0.37457
2587	-0.74894	-0.6041
2589	-0.36246	1.18623
2590	0.11292	-0.64774
2591	-1.6626	-0.89156
2592	-0.17049	0.23365
2593	0.41175	0.11858
2594	0.58962	0.18909
2595	-2.07405	-0.84453
2596	0.61863	0.30372
2597	-0.6312	-0.46806
2598	-1.2283	-0.82307
2599	0.61279	0.42915
2600	0.92698	-0.18724
2601	-0.82868	-0.0265
2602	-0.47119	-0.30932
2603	-0.01945	-0.08031
2604	-0.81169	-0.53763
2605	0.47566	-0.01957
2606	0.5224	-0.09573
2607	0.49139	-0.09034
2608	-0.89437	-0.52633
2610	-1.55539	-0.91352
2611	0.01742	-0.95533
2612	-0.09201	-0.20279
2613	0.62635	0.48079
2614	0.88768	-0.13905
2615	-0.36617	-0.23352
2616	0.61778	0.30694
2617	1.36382	-0.50178
2618	0.48839	0.01122
2619	0.27068	0.31003
2620	1.07414	-0.33598
2621	-0.92531	-0.66327
2623	-0.1754	0.5014
2624	-0.01944	-0.1801
2625	-0.67238	-0.38993
2626	-0.60774	-0.2832
2627	0.77491	-0.10249
2628	-1.37505	-0.82817
2630	-0.22799	-0.41935
2631	0.58345	0.0672
2632	-0.44831	0.27125
2633	1.37562	-0.57971
2634	0.5512	-0.02269
2635	0.32482	-0.51036
2636	0.21132	-0.63398
2637	0.16501	0.43168
2638	0.24698	0.10509
2639	0.84128	-0.07577
2640	0.64247	-0.59488
2641	1.05629	-0.32143
2642	0.21666	0.10278
2643	-0.25212	-0.22837
2644	0.71995	0.13903
2645	1.28232	-0.46526
2646	1.3098	-0.47501
2647	0.75196	-0.1601
2648	0.26782	0.35666
2649	0.0422	0.00501
2650	-0.66671	-0.05114
2651	0.15381	0.86942
2653	-0.16128	0.2352
2654	0.39534	0.11236
2655	0.52307	0.55575
2657	0.57847	0.61564
2658	-0.71349	0.51475
2659	-0.95916	0.07889
2661	0.43614	0.48913
2662	0.10501	-0.16149
2663	0.48354	-0.60566
2664	0.31567	0.33006
2665	-1.96602	-1.11154
2666	0.07026	0.69365
2667	0.34781	-0.31926
2668	-0.18867	1.18146
2669	0.41017	2.79976
2670	-1.153	-0.55352
2671	-0.69774	-0.50508
2672	0.50542	0.35502
2674	0.46193	0.44218
2675	0.44644	0.3075
2676	0.75514	0.04475
2677	0.06369	-0.46647
2678	-0.43655	-0.09075
2679	0.32694	-0.32051
2680	-0.22041	0.67518
2681	-0.49093	-0.16552
2682	-0.60842	0.31235
2684	0.24336	0.03684
2685	0.93971	-0.76826
2687	0.12893	-1.08454
2689	0.54058	0.05446
2690	0.4049	0.49488
2691	0.73973	-0.44835
2692	0.20305	0.43954
2693	0.23137	-0.69181
2694	0.22649	1.15714
2695	0.3991	-0.05295
2696	0.55054	-0.31628
2697	0.27041	-0.71929
2698	0.27534	0.40429
2699	0.20435	0.9042
2700	0.33415	-0.42676
2701	1.16234	3.89563
2705	0.31627	-0.37605
2706	0.35125	0.73791
2707	-1.89701	-1.11408
2709	0.28337	0.00079
2710	0.35264	0.15912
2711	0.6232	0.1605
2713	-0.63185	-0.60808
2715	-0.4803	0.50448
2716	-1.11426	-0.68544
2717	-0.63457	-0.26803
2718	0.27162	0.961
2719	0.00775	0.73318
2720	0.19527	0.37467
2721	0.4287	0.68554
2722	-0.38329	0.30231
2723	-0.45019	-2.19623
2724	0.65498	2.00491
2725	0.31556	1.44172
2726	-0.17811	0.09088
2728	0.34599	1.33883
2729	-0.00284	-1.10742
2730	-0.52421	0.33039
2731	0.10595	0.46008
2732	-0.70666	1.34843
2733	0.5863	0.6442
2734	0.0075	1.0693
2735	-0.99907	0.65217
2737	0.02527	-1.55837
2738	-1.60374	-0.61948
2739	-0.53496	1.32568
2740	0.56343	0.60256
2741	0.06969	-0.25289
2742	0.60837	-0.08552
2743	0.10254	0.54727
2744	-0.99029	-0.86537
2745	-3.267	-1.52095
2746	0.25482	0.47444
2747	-1.17042	-0.66625
2749	0.36343	-0.4223
2750	-0.09081	0.12885
2751	-1.64846	0.68425
2753	0.50522	0.21844
2754	0.29998	1.1421
2755	0.33554	0.85819
2757	0.58595	-0.06629
2758	0.32466	0.08772
2759	0.37859	0.18821
2760	0.69741	-0.09988
2761	-0.75527	-0.39969
2762	0.77607	-0.76091
2763	-0.80816	-0.00332
2764	0.7947	0.00241
2765	-0.82602	-0.34478
2766	1.47349	-0.54353
2768	0.4325	0.67801
2769	0.58344	-0.02681
2770	-0.08397	0.85991
2771	0.35959	0.28909
2772	0.57161	0.31959
2773	-0.77722	-0.34334
2774	-0.57791	-0.36011
2775	0.28651	0.18672
2776	-2.47831	-1.35977
2777	0.25939	0.58582
2778	-0.00756	0.45728
2779	0.1142	-0.55756
2780	0.59011	0.22591
2781	-0.33004	-0.35325
2782	1.10609	-0.3777
2783	0.19092	-0.57373
2784	0.06009	-0.88835
2785	-0.44015	-0.08955
2786	-0.82601	0.21382
2787	-0.92574	-0.29516
2788	-0.95952	-0.58613
2789	0.69738	-0.60419
2790	0.4364	0.31171
2791	1.03013	-0.29845
2792	0.07602	-0.25621
2793	-1.03812	-0.67817
2794	-0.91292	-0.25582
2795	-0.26096	-0.45367
2796	-0.00235	0.65411
2797	-1.90863	1.26267
2798	-0.62692	-0.01128
2799	-0.82703	-0.17319
2800	0.20855	-2.11862
2802	0.0646	1.13752
2803	0.32556	0.23767
2804	-0.84967	-0.36898
2806	0.33004	0.92689
2807	0.71821	-0.00128
2808	0.29065	0.49188
2809	0.36601	-0.34996
2811	-0.83085	-0.53911
2812	0.54685	0.16168
2813	-0.10461	-0.22443
2814	-0.4625	0.19683
2815	0.39034	0.56487
2816	-1.1846	-0.69883
2819	0.24271	0.69245
2820	0.54192	2.09449
2821	0.57565	0.33186
2822	-0.59972	-0.2741
2823	0.37143	0.65343
2824	1.50878	-0.555
2825	-1.44641	-0.85427
2826	-0.10045	2.147
2827	0.62629	-0.39041
2828	0.27373	-0.25078
2829	0.54858	-0.37498
2830	1.07055	-0.53348
2831	0.79685	1.79171
2832	0.05585	-0.27296
2833	0.08241	-0.29447
2834	0.34286	0.58094
2835	0.54074	0.55478
2836	0.37537	-0.39126
2837	0.67833	0.19593
2838	-0.31108	0.01313
2839	0.2058	0.6018
2840	-0.59517	-0.26895
2841	0.01278	-0.36604
2842	0.44573	0.97352
2843	0.34681	-0.36332
2844	0.25359	-3.27414
2845	-0.33803	0.12621
2846	-0.19743	-0.3045
2847	-0.16193	0.8837
2848	0.03257	1.04403
2849	-0.87399	0.6671
2850	0.8066	-0.43449
2851	-2.28251	-1.6035
2853	0.10414	-1.33078
2855	0.56224	-0.36904
2856	-4.31364	-1.73365
2857	0.93562	-0.29556
2858	0.51013	0.4342
2859	0.65184	0.37746
2860	0.13735	-1.58105
2861	0.42561	1.10869
2862	0.16111	-0.60047
2863	0.27203	-0.28973
2864	0.03558	0.07026
2865	-0.41986	0.37023
2866	-0.42114	0.18778
2868	0.41107	1.0637
2869	0.67365	2.16792
2870	0.65807	1.26397
2871	0.04427	0.46564
2873	-0.91877	-1.00291
2874	-0.45076	0.22708
2875	0.18778	1.40156
2876	-0.80143	-0.37309
2877	-0.07098	-0.79082
2878	0.5137	-0.40385
2879	0.14553	-0.03337
2880	-3.71846	-1.33306
2881	-0.90115	-0.61275
2882	0.57171	-0.2539
2883	0.0793	-0.90374
2884	0.25182	1.11027
2885	0.34682	0.77728
2886	-1.04462	-0.54188
2887	0.39306	-0.35759
2888	0.47415	-0.22822
2889	0.64659	-0.3553
2890	0.95306	-0.38178
2891	-0.0564	0.7622
2892	0.516	0.19363
2893	-0.49147	0.10093
2894	0.16788	-0.05578
2895	0.37079	0.88722
2896	-0.61485	0.78768
2897	0.2031	0.84774
2898	0.09497	-1.43453
2900	0.24425	1.02997
2901	0.92567	-0.55063
2902	-0.37937	-2.90154
2904	0.19096	-0.29445
2905	0.11916	0.06944
2906	0.49726	1.24336
2908	-1.61339	-0.84428
2909	-0.98888	-0.32785
2910	0.44116	2.11042
2911	-1.17122	-0.84416
2913	0.15704	-0.06416
2914	-0.05341	-1.49143
2915	0.32575	0.90119
2916	1.13399	-0.47411
2917	0.11174	0.56374
2918	-1.37001	-0.98509
2920	0.88459	-0.41335
2921	0.70093	-0.54406
2922	-1.59663	-0.75079
2923	-1.10241	-0.02495
2924	-0.34725	-0.56602
2925	0.12152	0.72898
2926	0.78938	2.85307
2927	-0.64107	0.46979
2928	0.56388	-0.32965
2929	-1.38768	-0.83173
2930	0.75387	-0.41824
2931	-0.40396	0.29963
2932	-0.65725	0.07819
2933	0.1544	1.44373
2934	-1.29176	0.6193
2935	0.39107	-2.42953
2936	-0.76675	-0.47706
2937	-2.52036	0.01095
2938	0.07221	-1.65446
2939	0.00052	-1.00386
2940	0.96596	-0.54927
2941	-1.31258	5.72774
2942	0.45426	-0.25062
2943	0.30614	0.9535
2945	-0.61878	-0.24651
2947	0.1119	1.18424
2948	0.2499	0.97872
2949	-0.98075	-0.79368
2950	-0.79649	-0.24675
2951	-0.38459	5.05294
2952	-0.2162	5.81272
2953	0.41623	-2.98828
2954	-0.56178	0.06113
2955	0.59616	0.5457
2957	0.39495	-0.25282
2958	-0.36214	0.51268
2959	-0.0362	0.00889
2960	0.40646	-3.00238
2961	0.2931	-0.23205
2962	0.27815	-2.48129
2963	0.01451	0.34013
2964	-0.97693	-0.54069
2965	-0.0429	-1.32862
2966	0.00041	0.05431
2970	-0.8632	-0.24775
2971	-0.91296	-0.07305
2972	0.86646	2.30494
2973	1.07935	3.17219
2974	-0.04632	-0.16051
2975	0.30198	1.04432
2979	0.34426	-2.55987
2980	-0.49705	-0.00727
2981	0.05311	0.44258
2982	-0.06539	-0.82417
2983	0.61172	2.51331
2984	-1.39113	-0.76339
2985	-1.20858	-0.78279
2986	0.80038	-0.51861
2987	-0.40248	0.2481
2988	0.83977	-0.36482
2989	0.87062	-0.48806
2990	0.40284	-2.69511
2991	-0.16509	0.21071
2993	0.21256	1.2079
2997	0.16858	1.37075
2998	-0.59943	-0.30746
2999	1.02807	4.27087
3000	0.70093	2.0662
3001	1.06939	-0.75267
3002	4.54069	3.51636
3003	-0.04221	-1.21051
3004	0.39982	-0.28777
3005	0.17962	2.92465
3006	-0.00335	-0.8748
3007	-1.246	-0.04775
3008	-0.27387	-0.0413
3009	-1.06258	-0.24033
3010	0.62312	-0.3224
3011	0.62175	-0.22589
3012	-0.68976	-0.03154
3013	0.84651	2.69258
3015	0.63596	2.38952
3016	0.61609	2.15304
3017	0.45015	1.63585
3018	-0.76135	-0.15088
3019	1.61494	-0.58531
3020	1.00946	-0.51323
3022	0.35463	-0.31572
3023	0.39483	-3.49997
3024	2.03722	3.9014
3025	-1.17216	0.03905
3026	0.67411	-0.50195
3027	-1.14714	-0.31047
3028	0.23516	-2.01091
3030	-0.78186	-0.56319
3031	0.14207	-0.49181
3032	0.46443	-0.53079
3033	-0.27556	-0.07095
3034	-0.53475	-0.06626
3035	-0.73522	0.057
3036	-0.4267	-0.2146
3038	-0.39615	-0.10267
3039	-1.03232	-0.37229
3040	-0.42903	-0.21551
3041	-1.14431	-0.46907
3042	0.04497	-0.07235
3044	-1.26321	-0.45033
3045	0.5067	3.23036
3046	1.03446	-0.56965
3047	0.07358	-0.07848
3048	-0.44707	-0.2585
3049	-0.52936	-0.0367
3050	0.74347	-0.42075
3052	0.62466	-0.25026
3053	-0.76515	0.07513
3056	-0.22021	-0.27787
3057	-0.29001	0.0694
3058	0.19083	-0.20504
3059	-0.07581	-0.09069
3061	-0.81441	0.18132
3062	2.12448	5.46597
3063	-0.9449	-0.09023
3064	-0.41014	-0.79362
3065	-0.79816	-0.09648
3067	-1.44737	-0.25223
3068	-0.14094	-0.15472
3069	-0.3874	-0.94466
3071	-0.16595	-0.46366
3072	-0.14084	-0.04652
3073	-0.48509	-0.44329
3074	-0.69438	0.07087
3075	-0.4384	0.11119
3077	-0.69286	-0.2484
3078	-0.62859	0.05148
3079	-0.12452	-0.05431
3080	-0.4354	-0.21609
3081	-0.37992	-0.15905
3082	-0.00275	-0.26342
3084	-0.5841	-0.37131
3085	0.22029	0.54656
3086	-0.07001	-0.30413
3087	-0.24367	0.33736
3088	-1.00282	-0.37738
3089	-0.94024	-0.41682
3090	-0.58741	-0.23829
3092	-0.79543	-0.33603
3093	-0.49418	-0.05771
3094	-2.25481	-0.86155
3095	-0.05376	0.17917
3096	-0.00295	0.17745
3097	1.04102	-0.45107
3098	0.56416	0.05825
3099	-0.28361	0.04063
3100	-0.32248	0.06195
3101	-0.44564	-0.04238
3102	-1.72908	-0.9387
3103	0.41787	-0.15869
3104	-0.21762	-0.08418
3105	-1.17507	-0.16037
3106	-0.24152	-0.39835
3107	0.27113	0.13003
3108	0.39746	-0.34494
3109	-0.10535	0.91805
3111	0.84713	-0.08396
3113	-0.38897	0.25893
3114	-0.26318	-0.04957
3115	-0.30676	0.66553
3116	0.16104	-0.37163
3118	-1.24511	0.11734
3119	-0.52808	0.20855
3120	-0.08935	0.5502
3121	-0.19703	0.31769
3123	-0.37425	0.24253
3124	-1.57873	0.55788
3125	-1.00353	0.49381
3126	-0.9237	-0.32071
3127	0.69592	-0.62457
3128	-0.16017	0.11955
3129	0.2803	-0.49778
3130	0.24918	-0.48374
3131	-0.18609	0.09659
3132	0.66148	-0.28115
3134	-0.82954	0.85752
3135	-1.1893	-0.65654
3136	0.28195	-0.13204
3137	-0.03473	0.17625
3138	-0.21794	0.14211
3139	-0.63426	-0.20639
3140	-0.04201	-0.13343
3141	-0.00766	-0.16178
3142	-0.71642	-0.04507
3143	-0.06656	0.10855
3144	0.38398	-0.02143
3145	0.73433	-0.01612
3146	-0.14962	-0.80856
3147	-0.02187	-0.29985
3149	1.56326	-0.56993
3150	0.61492	-0.55368
3151	-0.06834	-0.01003
3152	-1.36621	-0.70393
3153	-1.46554	-0.88225
3154	0.23226	0.15782
3155	0.33766	-0.08059
3157	0.01134	0.03602
3158	-1.50341	-0.6225
3159	0.60464	-0.51988
3160	0.9881	-0.27061
3161	-0.37459	0.19454
3162	-0.14935	0.00101
3163	-1.49043	-0.5671
3164	-1.47776	-0.5538
3166	0.09313	0.0775
3167	1.25517	-0.48736
3168	-0.41734	0.43258
3169	0.55328	0.75666
3170	0.39679	0.01725
3171	-1.35941	-0.56156
3172	0.31252	-0.17243
3173	0.60693	0.56251
3174	-0.03427	0.48383
3175	0.28505	-0.45598
3176	-0.78205	-0.21082
3177	-0.42888	0.64271
3178	0.39798	-0.04068
3179	0.71575	-0.62141
3180	0.28648	-0.47083
3181	-0.80226	-0.21599
3182	0.02174	0.07663
3183	0.03547	0.37876
3184	-0.3336	-0.15991
3185	-0.16224	-0.24841
3186	-0.64528	0.17404
3187	-0.59941	-0.42748
3188	0.1357	0.33616
3189	1.2965	-0.41074
3190	0.15444	0.20277
3191	-0.67879	0.05544
3192	0.20743	0.31075
3193	0.15555	-0.32278
3194	1.26174	-0.48689
3196	-0.14317	0.30844
3197	1.11352	-0.48613
3198	-0.16454	0.03495
3199	0.42043	-0.01469
3200	-1.52249	-0.61094
3201	0.07676	-0.06777
3202	-0.05907	-0.15941
3203	-0.20541	0.18423
3204	-0.76591	-0.21143
3205	0.03695	-0.27582
3206	0.82453	-0.09216
3207	0.90152	-0.27423
3208	-0.50892	0.32765
3209	0.3464	0.06041
3210	-0.17493	0.01022
3211	0.06451	0.72761
3212	-0.60379	0.06335
3213	-1.59691	-0.52631
3214	-0.00493	-0.00503
3217	-1.11288	-0.18334
3218	-1.5074	-0.50596
3219	0.62908	0.07826
3220	-0.65136	0.20348
3221	0.08883	-0.32879
3222	-0.09689	0.2257
3223	1.14689	-0.34252
3224	0.51084	0.40612
3225	0.61624	0.20478
3226	0.68529	0.09316
3227	0.8612	-0.21466
3228	-0.17027	-0.2203
3229	0.48959	-0.45784
3230	0.48946	0.18824
3231	-0.46821	-0.24431
3232	-0.99931	-0.33531
3233	-0.76845	-0.02068
3234	0.06016	-0.03813
3235	-0.96346	-0.32234
3236	0.89279	-0.26788
3238	0.48228	-0.02667
3239	-0.39592	0.2275
3240	-0.02979	-0.20191
3241	-0.57733	0.18335
3242	-1.44029	-0.24988
3243	0.27528	0.30643
3244	-0.80584	0.43695
3245	-0.8857	-0.17017
3246	-0.00013	0.11608
3247	0.20015	0.75636
3250	-0.56647	0.287
3251	-0.21229	0.06227
3252	-0.07807	-0.11343
3253	0.80678	-0.12954
3254	0.50625	0.55766
3255	-0.12803	0.08576
3256	-1.39133	-0.61064
3257	0.50818	0.10095
3258	-0.48014	0.09531
3259	1.29288	-0.47048
3260	0.54041	-0.62859
3261	0.55211	0.2738
3262	0.15272	-0.13822
3263	-0.45332	-0.03086
3264	0.53545	-0.08015
3265	-0.25488	0.21727
3266	-0.21496	0.02023
3267	-0.22175	0.35136
3268	1.31405	-0.47867
3269	-1.99663	-0.78439
3270	-0.5405	0.44334
3272	0.83714	-0.22666
3273	1.41237	-0.52119
3274	-0.54894	0.28579
3275	0.39258	0.38131
3276	0.65441	-0.18628
3277	-0.1583	-0.06665
3278	-1.1962	-0.36174
3279	1.36739	-0.50277
3280	0.44645	0.08203
3281	-0.15795	0.03672
3282	-0.15073	-0.22389
3283	0.88616	-0.13707
3284	-0.58826	0.48431
3285	1.24279	-0.44549
3286	0.25291	-0.19609
3288	-1.77489	-0.7282
3289	1.0574	-0.3672
3290	0.23958	-0.41367
3291	1.46684	-0.49663
3292	0.36069	-0.56005
3293	-0.21312	0.79414
3294	-0.56835	-0.1662
3295	-0.00863	0.00178
3296	-0.2186	-0.27983
3297	-0.64917	0.21485
3298	-0.50051	-0.29757
3299	-0.61275	0.38882
3300	-0.32032	0.01199
3301	1.39757	-0.53324
3302	0.73194	-0.38084
3303	-0.22915	-0.20176
3304	-0.05384	-0.06269
3305	1.39825	-0.72686
3306	1.25543	-0.4483
3307	-1.306	-0.66038
3308	-0.05691	-0.03417
3309	0.8233	-0.24474
3310	0.18694	-0.39578
3312	-0.14972	-0.13706
3313	-1.22969	-0.49431
3314	3.99853	-2.76984
3316	-1.26456	-0.61047
3317	1.2775	-0.49809
3318	-0.75132	-0.20223
3319	1.04398	-0.3112
3320	1.33589	-0.48991
3321	-0.73971	-0.08359
3322	-0.26371	-0.19549
3323	-0.32981	-0.21281
3324	-2.34465	-0.79165
3325	0.68816	0.25072
3326	-1.16422	-0.53112
3327	-0.30224	0.40945
3328	0.0617	-0.2111
3329	0.22554	-0.00951
3330	0.97545	-0.14262
3331	1.1445	-0.15826
3332	0.0315	-0.22128
3333	-1.43818	-0.5616
3334	0.87197	-0.25319
3335	-0.26371	-0.47001
3336	0.12763	-0.27619
3337	0.64	-0.09174
3338	-0.63277	0.34048
3339	-0.27417	0.05338
3340	0.1456	0.0871
3341	0.14779	-0.04678
3342	1.09966	-0.35604
3343	0.52854	0.48852
3344	-0.54804	0.31451
3345	-0.71639	0.46462
3346	-0.30848	-0.10292
3347	-2.62488	-1.03483
3348	-0.56565	0.14501
3349	-1.3739	-0.55983
3350	-0.05133	-0.24265
3351	-0.69506	0.33555
3352	-2.12675	-0.7697
3356	-0.30445	0.04843
3357	-1.01314	-0.02947
3359	0.68439	-0.36221
3360	-0.43467	0.51209
3361	0.19953	-0.25761
3362	0.22847	-0.07393
3363	-1.85554	-0.56419
3364	-0.15747	0.35756
3365	-0.17053	-0.29596
3366	-0.37892	0.30307
3367	-0.12598	0.10057
3368	-0.66743	-0.20633
3369	1.44155	-0.54719
3371	-0.52165	0.29102
3373	0.34814	-0.31071
3374	0.1026	-0.2225
3375	1.4065	-0.51834
3377	-0.07684	-0.21553
3378	-0.34003	-0.37771
3379	1.30499	-0.47644
3380	0.93038	-0.19212
3381	-1.2108	0.1049
3382	0.84079	-0.35627
3383	-0.64674	0.35774
3384	-0.16026	0.20855
3385	0.23063	-0.2136
3386	0.56106	0.27127
3387	0.16554	-0.19146
3388	-1.26145	-0.6687
3389	-1.29896	-0.24272
3391	0.79795	-0.19486
3392	-0.62103	-0.56347
3393	-0.3437	-0.53798
3394	1.54553	-0.56559
3395	1.31589	-0.49276
3396	-0.06765	0.10938
3397	-1.39369	-0.4437
3398	-1.16979	-0.40074
3400	0.33515	-0.28031
3402	-1.43919	-0.62256
3403	-0.00207	-0.10357
3404	1.23524	-0.46173
3405	-1.65262	-0.5153
3406	-0.06972	-0.2339
3407	-0.53763	-0.33986
3408	-1.25437	-0.06243
3409	-1.31425	-0.36327
3410	-0.35329	-0.37393
3412	-0.14877	-0.25471
3413	0.07509	-0.5325
3414	-0.33438	-0.13482
3415	-1.76832	-0.75138
3416	-1.60562	-0.38643
3417	-1.05686	-0.55013
3418	1.45315	-0.53579
3419	-0.1813	-0.30855
3420	-1.34608	-0.64715
3421	-1.74676	-0.80313
3422	0.28496	-0.2729
3423	-1.63785	-0.43059
3424	0.29976	-0.15891
3425	1.66826	-0.60514
3426	-1.35959	-0.47445
3428	-1.43691	-0.41522
3429	-0.17212	-0.5054
3430	1.23883	-0.48048
3431	0.891	-0.29829
3432	-1.3334	-0.25008
3433	-2.06971	-0.76916
3434	-1.46076	-5.64372
3435	0.01768	-0.70339
3436	-1.13272	-0.22368
3437	1.41187	-0.52094
3438	-1.24371	-0.53922
3439	1.17438	-0.44052
3440	-0.93857	-0.03719
3441	1.64005	-0.59497
3442	0.33145	-0.1989
3443	-0.20946	-0.32034
3444	-0.08533	-0.15949
3445	-1.26419	-0.0319
3446	0.75308	-0.38291
3447	-1.2592	-0.29169
3448	1.96868	-0.68498
3449	-1.07204	-0.15994
3450	-1.22046	-0.49364
3451	-0.93137	0.03421
3452	1.64581	-0.62142
3454	0.03248	-0.30955
3455	-0.18372	3.67387
3456	-0.16927	-0.27354
3457	1.3683	-0.49109
3458	-0.29514	-0.41063
3459	-0.6787	-0.02326
3460	-0.8557	-0.05572
3461	-0.02548	0.08688
3462	-0.07811	-0.21773
3463	-0.18915	-0.43506
3464	-1.55243	4.71594
3465	-0.45839	-0.32912
3467	-1.30665	-0.85309
3468	-0.16238	-0.1231
3469	-1.04073	-0.56478
3470	-1.37167	-0.38427
3471	-0.80299	-0.01642
3472	0.06523	-0.17952
3473	-1.11873	-0.44099
3474	-0.37582	-0.09122
3475	0.53198	-0.14544
3476	-0.65968	0.17451
3477	-0.0207	-0.23943
3478	0.30283	0.36031
3479	-0.50235	0.07273
3480	-1.1124	-0.55316
3481	0.04415	-0.31031
3482	-1.00534	-0.23286
3483	-0.8469	-0.09624
3484	0.82547	-0.55319
3486	-0.62528	-0.5502
3487	-1.19534	-0.6496
3489	-0.22141	-0.08057
3490	-0.89692	-0.39403
3491	-0.77184	-0.20301
3492	-0.6832	0.06404
3493	0.75646	-0.54655
3494	-1.34674	-0.73377
3495	1.17998	-0.47694
3496	-1.09424	-0.43357
3497	-0.35388	-0.35262
3498	0.04436	-0.38929
3499	-1.05834	-0.509
3500	-1.07706	-0.62299
3501	-0.9156	-0.78575
3502	0.36512	-0.09377
3504	-1.09254	-0.90648
3505	-0.20981	0.1416
3506	0.11687	-0.22795
3507	-1.11938	-0.77229
3508	-0.82552	-0.14906
3509	-0.00306	-0.08872
3510	-0.67759	-0.42595
3511	0.6526	-0.11431
3512	-0.35926	0.35356
3513	-0.21676	-0.09454
3514	-0.28895	-0.22272
3515	0.28281	-0.07407
3516	-0.40452	-0.32822
3517	-0.51458	0.2573
3518	0.23285	-0.19679
3519	-1.28867	-0.39622
3520	0.09978	0.28551
3521	0.22581	0.08372
3522	-0.20155	-0.35803
3523	0.09655	-0.00153
3525	-0.51079	0.14979
3526	-0.18281	-0.18328
3528	0.72458	-0.33237
3529	-0.08517	-0.46588
3530	0.29595	0.34632
3531	-0.40885	-0.29252
3532	-0.0987	0.01931
3533	-0.00171	-0.12174
3534	0.00053	0.15474
3535	-0.80779	-0.06701
3536	-1.48725	-0.43876
3537	-0.57027	0.38762
3538	0.06824	0.14015
3539	0.71065	-0.11059
3540	0.23877	-0.10889
3541	0.92317	-0.42652
3544	-1.12508	-0.1778
3545	-1.03028	0.05721
3546	0.29269	0.1399
3547	0.72209	-0.36348
3548	-0.81438	-0.5932
3549	-0.65605	0.42136
3550	0.26443	0.24021
3551	0.3558	-0.17317
3552	-1.27641	-0.42234
3554	-0.70762	-0.1329
3555	-1.12743	-0.23107
3557	-0.86995	0.19747
3558	-2.22313	-1.16959
3559	-0.24601	0.38632
3560	-0.5217	-0.15423
3561	-1.10144	0.10555
3562	-0.60433	0.39656
3563	-2.22804	2.05301
3564	-0.42579	-0.35892
3565	1.09972	-0.35595
3566	-1.98561	-1.06837
3567	0.27931	0.16175
3568	-0.72585	-0.02256
3569	-2.0145	-0.95287
3570	-0.05466	0.38277
3571	-0.50954	0.31633
3572	0.7137	-0.09331
3573	0.07942	-0.20529
3574	-0.60621	0.5203
3575	-0.41001	0.48374
3576	-3.25248	-0.27904
3577	-0.64315	0.72418
3578	0.00139	0.62017
3579	-0.03572	0.35125
3580	0.71744	-0.33822
3582	0.07601	0.56378
3584	-1.27806	-0.73954
3585	-0.63247	0.38751
3586	-0.80058	-0.14227
3587	-0.52944	0.639
3588	-0.72008	0.31206
3589	-0.90617	-0.51591
3590	-1.15552	-0.39299
3591	-0.7857	0.9359
3592	-1.27224	-0.64422
3593	-0.76215	-0.39543
3595	1.37387	-0.50563
3596	0.07407	-0.1013
3597	-2.08586	-0.93194
3598	-0.97361	-0.03371
3599	-4.47166	-1.21049
3601	0.98389	-0.3399
3602	0.27516	0.05864
3603	0.15801	-0.02829
3604	-0.81004	0.35531
3605	-1.57286	-0.54053
3606	-4.64605	-1.25746
3607	-0.31803	0.16539
3609	0.05666	0.46673
3610	-0.76803	0.42116
3611	-1.55188	-0.65677
3612	-4.41131	-1.99523
3613	-1.32087	0.38751
3614	-3.6755	-0.93633
3615	-0.36835	-0.61121
3616	1.61772	-0.58919
3617	-1.09262	-0.44469
3618	-0.70385	-0.49069
3619	-0.83412	0.19319
3620	-0.87421	0.3648
3621	-0.30844	0.14057
3623	-0.97981	0.19188
3624	-4.91339	2.84858
3626	0.90001	-0.30798
3627	-1.32239	-0.35034
3628	1.11082	-0.48441
3629	0.46352	0.01189
3630	-0.20085	0.06287
3631	-1.72048	-0.48234
3632	-0.75773	0.06659
3633	1.43283	-0.52701
3634	-0.4183	0.38621
3636	-0.95326	-0.21313
3637	1.3571	-0.5151
3638	-1.25132	-5.59154
3639	-0.79467	0.52051
3640	-1.67967	-0.80324
3641	-1.00999	0.40341
3642	0.8585	-0.41652
3643	-1.70774	-0.43256
3644	0.5661	-0.02201
3645	0.63535	-0.12695
3646	-1.08481	0.31727
3647	-1.29024	0.37652
3648	-0.86328	0.2695
3649	-0.103	0.02124
3651	-0.42944	0.1629
3652	-0.54768	0.47126
3653	-0.94509	-0.16295
3654	-0.22434	0.26755
3655	0.06943	0.0941
3656	0.11597	-0.13997
3657	-0.89682	0.27254
3658	-1.00947	-0.37021
3659	-0.97975	0.33272
3660	-1.63398	-0.12868
3661	-1.30996	0.36115
3662	-1.39779	-0.16834
3663	-0.45699	0.12457
3664	-1.15636	0.40848
3665	-1.00969	-0.04766
3666	-0.5528	-0.1338
3667	-0.98388	-0.11646
3668	-1.11893	-0.79601
3669	0.29522	-0.34509
3670	0.53879	-0.33339
3671	0.25586	0.02017
3673	-0.16942	0.57335
3674	-1.40987	0.35688
3676	-0.2825	0.52342
3677	-1.22052	-0.35758
3678	-0.91488	0.34671
3679	-1.03968	-0.19589
3680	-0.85002	-0.52469
3681	-0.70482	-0.2042
3682	-1.94586	-0.5901
3683	-1.24958	-0.18805
3684	-1.88211	-0.32725
3685	0.50031	-0.03887
3686	-0.61993	0.00453
3687	-1.32897	-1.04883
3688	0.34959	0.3369
3689	-0.60385	0.33589
3690	-1.41484	-0.45776
3691	-0.99559	-0.37995
3692	-0.46299	0.20334
3693	-0.30133	0.0856
3694	-1.08652	-0.56198
3695	-0.08064	-0.33045
3696	0.38078	0.20578
3697	-1.44122	-0.43756
3698	-1.18764	-0.04944
3699	-0.7525	0.19892
3700	-0.61566	0.14922
3701	-0.33488	-0.21394
3702	-1.05094	-0.4255
3703	-0.94266	-0.14219
3704	-1.04177	0.04239
3707	0.26408	0.34666
3708	-1.68806	-0.53099
3709	-1.22204	-0.18263
3710	-0.97556	-0.682
3711	0.34694	-0.11954
3712	0.43007	-0.03443
3713	-0.7239	-0.52494
3714	-0.75785	0.00676
3715	-0.10229	-0.02193
3716	0.13445	0.2734
3717	0.29608	0.06252
3718	0.22999	0.22142
3719	-0.60342	-0.57952
3720	-1.4715	-0.1388
3721	-1.01121	-0.42494
3722	-0.99241	-0.11794
3723	-0.04654	0.12734
3725	-2.21231	-0.514
3726	-1.1624	-0.27774
3727	0.13982	-0.49432
3728	-0.79711	0.55018
3729	0.28425	0.26154
3730	-1.14417	-0.09258
3731	0.70186	-0.21927
3732	-0.51094	-0.34078
3733	0.10867	0.45818
3734	0.23901	0.52039
3735	-0.89857	-0.06695
3736	0.71048	0.12149
3737	-1.13476	-0.09341
3738	-0.27387	0.26778
3740	-0.88418	0.53179
3741	0.854	-0.303
3742	-0.81825	0.05463
3743	1.06723	-0.33028
3744	0.32109	0.0265
3745	0.08687	0.51742
3746	0.29078	0.14649
3747	-0.57725	-0.01851
3749	0.70444	-0.31696
3750	-0.9471	0.08827
3751	0.31931	0.14472
3752	0.2565	0.27095
3753	0.80035	-0.59907
3754	0.83312	-0.06561
3755	0.38018	-0.00538
3756	0.78182	0.07407
3757	0.87796	-0.38352
3758	0.57069	-0.08228
3760	-0.0254	0.11858
3761	0.07878	-0.14129
3762	0.42953	0.10892
3763	0.3256	0.12125
3764	0.11823	-0.1257
3765	0.24182	0.34265
3767	-1.06823	-0.22891
3768	0.59342	-0.009
3770	0.35887	0.09878
3771	0.75095	-0.43406
3772	-1.24945	-0.06733
3773	0.72986	-0.18225
3774	-1.07557	0.00524
3775	0.83278	-0.27934
3777	-0.45375	-0.11239
3778	0.91424	-0.23133
3779	0.6107	-0.08608
3780	0.67584	-0.18086
3781	0.02842	0.3717
3782	0.70609	-0.22621
3784	1.02841	-0.42427
3787	1.01186	-0.28184
3788	-0.72235	0.0355
3789	-0.34165	0.22055
3790	0.27505	1.13756
3791	-0.25109	-0.18892
3792	0.88459	-0.0438
3794	-1.21883	0.20697
3795	-0.82682	-0.30833
3797	0.3068	-0.13247
3798	1.03427	-0.48118
3799	1.37729	-0.45292
3800	1.00692	-0.27739
3801	-0.57469	0.22401
3802	-0.91055	-0.092
3803	1.16599	-0.18077
3804	0.03677	0.00829
3807	0.01808	-0.00386
3808	0.71308	-0.0457
3809	1.11983	-0.33264
3810	0.96175	-0.27732
3811	0.68515	-0.24086
3812	0.35324	0.07347
3813	0.93203	-0.17969
3814	0.45875	0.13554
3815	0.45211	0.46118
3816	0.03588	0.10403
3818	1.25109	-0.43362
3819	1.29366	-0.41588
3820	-0.87254	-0.16553
3821	0.94112	-0.28617
3822	0.70449	0.0057
3823	0.87429	-0.2636
3824	1.37089	-0.46439
3825	0.47613	-0.08542
3826	-0.50712	0.02117
3827	0.56808	-0.1131
3828	0.7962	-0.03243
3829	-0.92904	-0.35508
3830	0.66527	-0.26367
3831	0.53538	0.00717
3832	0.88295	-0.23475
3834	0.68088	-0.16197
3835	0.48084	-0.00134
3836	-1.31186	-0.59546
3838	0.85181	-0.46223
3839	0.6074	-0.09789
3840	0.52895	-0.0579
3842	0.82036	-0.20845
3843	1.30753	-0.39634
3844	0.45577	-0.02009
3846	0.85827	-0.28032
3847	-0.45106	0.30889
3848	1.43709	-0.58929
3849	0.17599	-0.20839
3851	-1.04807	-0.46722
3852	1.11839	-0.41429
3853	-0.96599	-0.06945
3854	-1.42579	-0.38535
3855	1.02852	-0.47264
3856	-0.29999	0.12174
3858	1.29046	-0.42985
3859	0.93354	-0.35054
3861	-1.62634	-0.34592
3862	-0.18906	0.5949
3863	-1.90786	-0.3232
3864	0.01303	-0.82397
3865	0.9727	-0.28824
3866	0.94202	-0.45352
3867	0.99173	-0.33127
3868	0.43627	0.02854
3869	0.90375	-0.41456
3870	1.29547	-0.51226
3871	-1.23578	-0.21541
3872	0.9714	-0.34605
3873	-0.09192	0.03385
3874	0.36982	0.17962
3877	0.31393	0.29427
3878	-0.19829	-0.0595
3880	0.77353	-0.28585
3881	0.48691	0.18823
3882	1.48928	-0.5484
3883	-0.96931	-0.10813
3884	0.99739	-0.39408
3885	0.64567	-0.15133
3886	0.90221	-0.29729
3887	0.91196	-0.227
3888	0.88668	-0.26353
3890	1.46438	-0.53979
3891	0.31917	0.06412
3892	1.06888	-0.41764
3893	0.82921	-0.1812
3894	0.84441	-0.20714
3896	1.45752	-0.4532
3897	0.92748	-0.31053
3899	-1.06678	-0.10118
3900	1.31003	-0.47703
3901	-0.42063	-0.42285
3902	-0.2114	0.4156
3903	-1.47724	-0.19931
3904	0.28101	0.30828
3905	0.71524	-0.12672
3906	1.05211	-0.33852
3907	0.95426	-0.70069
3909	1.00032	-0.34409
3910	0.34992	0.2162
3911	0.37292	-0.4776
3912	0.75601	-0.30099
3913	0.96347	-0.38833
3914	0.9074	-0.20463
3915	0.26371	-0.29197
3916	-0.65311	-0.28025
3917	0.84205	-0.29612
3918	1.08042	-0.33756
3919	0.71121	0.00798
3920	0.22164	-0.02877
3921	-1.05765	0.71057
3922	0.98934	-0.33865
3923	0.851	-0.26841
3924	-0.76611	0.05418
3925	1.46336	-0.43735
3926	-0.53838	0.1348
3927	-1.47298	0.17975
3928	-1.00909	-0.07944
3931	-0.81193	-0.03543
3933	-1.18031	0.27504
3934	0.28081	0.29133
3935	0.8068	-0.30374
3936	0.54166	-0.09887
3938	-1.69789	0.20703
3939	0.57234	0.0184
3940	0.88587	-0.18817
3941	0.91577	-0.17451
3942	0.80259	-0.1618
3943	-0.43149	-0.1383
3944	0.84305	-0.26886
3945	-0.39613	0.15661
3946	-1.76238	-0.26233
3947	0.16231	-0.14034
3948	0.44331	0.28189
3949	-0.27105	-0.11294
3953	0.20123	-0.32056
3954	0.7283	-0.20259
3955	0.83834	-0.20365
3958	1.00167	-0.31595
3959	-0.26648	-0.04473
3960	0.79934	-0.16634
3961	0.69299	-0.13467
3964	-0.51503	-0.38785
3965	1.60867	-0.58165
3966	0.12831	0.3939
3968	-0.20694	0.03043
3969	0.62519	-0.16257
3971	1.14212	-0.36219
3974	0.29832	0.21742
3975	1.06199	-0.49066
3976	-0.56765	-0.05418
3977	-0.05214	0.1609
3978	-1.09938	0.63797
3980	0.10666	0.49627
3982	0.52768	0.11889
3983	-0.25783	-0.09783
3985	-0.40053	0.07008
3986	0.48464	0.21694
3989	0.06124	0.60192
3990	-0.68671	-0.09452
3992	-1.45939	0.01491
3996	-2.13541	0.90348
4000	-1.13634	0.10751
4001	-1.72264	-0.14384
4003	-0.25932	-0.38364
4004	-2.61768	-0.31752
4005	0.15154	0.41682
4007	0.27081	-0.1159
4008	0.25886	0.52761
4010	0.73355	-0.12689
4013	-0.84958	0.41081
4015	0.54967	0.06176
4016	-2.49947	0.32223
4017	-1.36731	-0.02724
4018	-1.10301	0.09153
4019	-0.35191	-0.00034
4020	-0.93297	0.31502
4021	0.59546	0.18813
4034	0.31741	0.44698
4035	-0.84764	0.35694
4037	0.42453	0.10333
4043	0.22174	0.42742
4045	0.5251	-0.13527
4047	0.43065	-0.1949
4048	0.92956	-0.21665
4050	-1.23495	1.07102
4052	0.75769	-0.2019
4057	0.25901	0.49234
4058	0.53586	0.04789
4060	-1.44805	0.43709
4061	0.70405	0.02342
4065	0.4695	-0.06133
4070	0.54327	0.48508
4073	-0.45649	0.43664
4074	-0.4887	0.14445
4079	-1.4959	0.25873
4082	0.37923	0.20245
4084	-0.26818	-0.15264
4085	-0.60408	-0.02793
4087	0.56371	-0.03731
4088	0.14601	-0.12289
4089	1.22463	-0.19002
4090	0.40611	0.13985
4095	-0.14314	0.054
4099	0.6656	-0.25321
4102	0.95901	-0.34433
4104	0.48872	0.00347
4106	0.89961	-0.28291
4112	0.43822	0.02624
4117	0.64281	-0.29403
4119	0.36063	-0.10492
4121	0.81171	-0.10169
4122	-0.35331	0.27631
4127	0.39066	0.26362
4135	0.4368	0.11531
4136	-0.43024	0.34064
4142	0.43609	0.12876
4148	-0.27013	0.31771
4149	0.39572	-0.23692
4152	-0.43878	0.35366
4153	-0.48582	0.30501
4155	0.39593	0.49959
4163	0.86221	-0.29325
4168	0.54187	0.08492
4170	0.84701	-0.20032
4178	-0.41459	0.34999
4181	0.85511	-0.26341
4186	-1.0673	0.3638
4187	0.13341	-0.18082
4188	0.45109	0.24611
4190	0.5693	0.18643
4191	0.77013	0.03914
4194	-0.09381	0.24252
4195	-0.53357	0.39043
4199	-0.32379	0.33506
4200	-0.66869	0.19624
4204	-0.20419	-0.49613
4205	1.39515	-0.51375
4207	0.81065	-0.48998
4208	0.15129	0.30398
4210	0.06561	-0.16809
4211	0.47326	0.27868
4217	1.42588	-0.4406
4219	-0.70121	0.44465
4222	0.06334	0.2437
4225	0.51072	0.15109
4227	0.8163	-0.17596
4228	1.29631	-0.35652
4229	0.2345	0.99191
4231	0.68102	-0.09124
4232	0.83914	-0.25828
4235	1.1397	-0.38488
4237	0.46328	0.14582
4238	-0.06789	0.21962
4239	0.16328	0.20066
4240	-0.59128	0.33833
4243	0.05194	0.38022
4247	0.61534	0.00215
4248	0.09114	0.27076
4250	0.57233	-0.05917
4254	-0.39526	0.34421
4256	0.67923	0.1302
4258	0.00494	-0.44506
4260	0.06058	0.42126
4261	0.45047	-0.02912
4267	0.46722	0.2562
4272	0.49805	-0.01714
4275	0.5011	-0.23754
4276	-0.65117	0.2957
4277	-0.33278	0.3714
4278	0.76612	-0.13541
4280	-0.22709	0.27356
4288	1.123	-0.3731
4289	0.20622	0.14161
4291	0.51171	-0.04981
4295	0.06262	0.4295
4299	0.04456	-0.27776
4300	0.67709	-0.21271
4303	0.54018	0.12952
4304	1.26549	-0.45101
4306	0.36561	0.43044
4307	0.37903	-0.05225
4310	0.48487	0.06547
4316	0.41188	-0.03351
4318	0.23241	-0.25949
4320	-0.24813	-0.47257
4322	0.62327	-0.2077
4323	0.4238	0.03858
4325	0.65982	-0.05324
4326	0.40247	0.04237
4327	0.43328	-0.02461
4328	0.50966	-0.0866
4332	0.52963	0.18375
4333	-0.03746	0.03096
4339	0.48056	-0.24947
4340	0.4278	0.30573
4341	-0.53919	0.09924
4343	-0.4818	0.35047
4346	0.60974	-0.00577
4347	0.62636	-0.16149
4350	-0.43616	0.22878
4355	-0.3243	0.15672
4360	-0.0131	-0.0824
4361	0.82686	-0.28914
4364	0.45445	0.19679
4367	0.64018	0.27537
4371	0.13249	0.12367
4373	0.26254	-0.04049
4374	-0.70947	0.27086
4377	1.1812	-0.20484
4381	1.27377	-0.42491
4383	0.81766	-0.38444
4385	0.99235	-0.32615
4388	-0.4754	0.26921
4389	-0.41246	0.35871
4392	0.42663	0.31001
4397	-0.18074	0.31423
4398	0.51445	0.20822
4403	-0.09422	-0.00827
4411	0.95373	-0.08412
4422	-0.62402	0.17568
4426	0.01223	0.20863
4441	0.15677	0.5533
4443	0.3264	0.1706
4444	0.3009	0.20732
4448	-0.24051	-0.10205
4451	-0.08086	0.18644
4455	1.43243	-0.3608
4467	-0.14567	0.06445
4468	1.15633	-0.42737
4476	1.13482	-0.33718
4478	-0.06618	0.26547
4479	0.07953	-0.18076
4482	-0.20168	0.3488
4486	-0.3542	0.5398
4492	1.13075	-0.41447
4496	-0.13299	0.12647
4502	-0.00859	0.13569
4505	-0.1579	0.34714
4510	0.13199	0.90525
4516	-0.24291	-0.02628
4517	0.51256	-0.23102
4525	0.38441	-0.01624
4526	0.39123	0.24943
4528	-0.2507	0.27808
4532	-0.09984	-0.02675
4533	1.39927	-0.26831
4538	0.982	-0.25413
4545	0.18451	-0.16264
4546	0.05471	0.66047
4549	0.43028	0.3996
4550	0.43501	0.20247
4552	-0.19784	0.62297
4559	0.51624	0.25757
4566	0.68186	0.14778
4567	0.50038	-0.04175
4568	-0.18996	0.17914
4570	0.23208	0.03243
4572	0.86723	0.28693
4573	0.84404	-0.22606
4576	0.78917	-0.13848
4578	0.27852	0.1575
4579	0.52396	-0.06697
4580	1.04254	0.00468
4581	0.46413	0.08198
4584	0.04727	0.29917
4590	0.04717	-0.08861
4595	0.95561	-0.30203
4596	0.08546	0.13565
4600	0.75156	-0.01635
4601	0.73802	-0.43401
4602	-0.26644	0.28389
4603	0.27356	0.0348
4605	-0.17229	0.30743
4608	0.83325	0.07416
4617	0.88352	-0.21254
4620	0.15056	-0.19112
4623	0.24874	0.33546
4625	-0.08547	-0.19978
4628	1.01158	-0.46406
4629	0.6332	-0.09085
4630	0.05099	0.03661
4632	0.51728	-0.11378
4634	0.19655	0.44552
4639	1.16679	-0.42174
4640	1.61437	-0.59417
4641	0.76341	-0.23018
4642	-0.0829	0.37989
4649	1.55791	-0.58461
4650	0.49898	-0.1302
4653	0.01246	-0.23917
4654	0.58873	-0.49721
4655	-0.20869	-0.07799
4657	-0.34285	0.02939
4660	-0.14341	0.08097
4661	0.93382	-0.34503
4664	1.20873	-0.41461
4666	0.6281	-0.28563
4667	0.51099	-0.01385
4670	0.77953	0.34928
4673	0.49414	0.32984
4674	0.67253	-0.44733
4677	-0.2335	0.13984
4682	0.09984	-0.13927
4683	0.14515	-0.36596
4684	1.03352	-0.42207
4689	0.12084	0.45697
4691	-0.58026	-0.21832
4692	0.01817	-0.06297
4694	-0.06751	-0.28659
4698	1.55094	-0.5799
4703	-0.04346	0.17019
4704	0.55274	-0.06443
4707	0.35592	0.16843
4712	1.28875	-0.45684
4713	1.10432	-0.45668
4714	-0.14047	-0.01081
4718	-0.14656	0.80328
4731	0.71213	-0.14127
4734	0.78899	-0.22864
4735	0.71256	-0.29108
4737	0.17275	-0.18425
4738	0.8456	-0.31517
4742	0.60178	-0.05565
4743	0.63582	0.05736
4751	0.00709	0.73368
4752	-0.03142	0.33019
4753	0.04913	0.52723
4756	1.18702	-0.3997
4758	0.30994	0.26544
4761	1.49782	-0.54169
4762	-0.24814	0.73087
4766	0.3788	0.14757
4767	0.64523	-0.14936
4769	0.23371	0.11333
4770	0.61428	0.00716
4771	0.30497	0.35524
4773	0.60576	-0.03654
4774	0.71123	-0.14608
4775	0.5753	-0.01711
4776	0.99777	-0.33442
4777	1.16497	-0.41985
4781	0.51538	0.22788
4782	1.16223	-0.39919
4784	1.62847	-0.59911
4785	0.17978	0.39095
4786	0.67129	0.01007
4788	0.27808	0.24417
4789	0.75759	-0.06226
4790	1.19331	-0.41477
4792	-0.05713	0.96223
4793	0.10638	0.57357
4794	0.68049	-0.10853
4798	0.09789	0.36247
4799	1.05194	-0.39886
4801	-0.04907	0.83202
4802	1.12305	-0.47256
4804	0.89481	-0.21288
4805	0.85121	-0.31138
4806	0.3306	0.3091
4807	0.14831	0.38201
4809	1.25445	-0.45581
4810	0.2378	0.49529
4811	1.10917	-0.36318
4813	0.64734	-0.13603
4814	1.22075	-0.47522
4815	1.35809	-0.23905
4816	0.63771	0.3144
