WADOE_ID	AWM_Imperv_SQ	AWM_Imperv_MG	AWM_Imperv_UG
6	0.2462022093	0.2462022093	0.2462022093
10	0.4054192520	0.4054192520	0.4054192520
13	0.2246572964	0.2246572964	0.2246572964
15	2.9858460797	1.4414511889	6.2576298750
19	0.6593071156	0.6730679940	1.9939319770
25	16.8811492326	3.2761445648	11.2946305711
26	12.0091392532	8.1546010196	19.9935262748
27	12.4370086025	4.4788920594	23.0078766015
28	0.9497987901	0.5763477015	2.2904416667
30	10.2071454838	7.3179417594	31.9906193720
31	19.5944872031	8.0828099675	13.0039898575
34	0.3988343163	0.3988343163	0.3988343163
35	0.4258766421	0.4258766421	0.4258766421
37	0.9991288558	0.5018540557	2.2284930500
38	4.2735237652	1.7383907957	16.6692442969
39	12.6467316592	6.5473288567	32.5190903986
40	11.0248847663	7.9458192208	30.6209324939
43	8.7594783185	4.7984803395	9.5465416513
44	6.8770915655	2.5472386039	9.8738456840
45	35.9416994499	3.3846332505	42.7864483335
46	4.5827692115	4.0166851145	6.2709589610
47	11.2467885657	8.2233677651	12.0363404758
48	13.0810653569	12.7845073156	21.6278416327
49	7.8598720696	6.7620812243	11.3243447281
50	4.0616943715	2.7285472496	6.1177421676
51	8.0665757039	6.7534186974	14.9686712387
52	13.3617651460	4.4112214979	21.5676000197
58	10.6084231571	8.9108021846	17.3695496687
61	13.6997831255	5.4094778070	15.3933882805
62	13.7386639352	2.3329462548	7.8573194558
63	12.3044156215	5.2420785308	22.7785380861
64	8.8254763044	5.8332721326	14.3951388032
65	10.4295882646	6.0138903456	13.7586856541
67	24.8950088129	22.5325860332	41.3823457353
68	12.9189749788	7.7577103242	21.8862908014
69	14.7034193917	12.1720534345	23.3298116218
70	4.5558196544	6.3060539501	8.9840488090
71	17.6135039742	8.6880764835	25.8681706406
72	23.1032319151	7.9162532319	41.7153732774
73	12.8807899178	7.8751547630	20.7519690354
74	15.5539549577	14.8058096026	32.1339760486
75	13.6246400548	12.9612972126	33.4705783949
76	19.3824903856	8.3987538389	14.7648588235
77	25.5595056757	0.2188754054	8.3468156757
78	19.9968426820	16.2574902194	12.5043616882
80	0.2673704898	0.2673704898	0.2673704898
88	17.2254803294	11.8571926924	30.2391226101
89	20.3885420376	25.8469953349	19.2483697602
90	14.9720965201	24.5092125094	34.8151108910
92	16.6743759029	36.7344256434	22.0524654878
93	13.6928409734	11.7299290408	12.6037300732
94	2.8294550333	2.7724833467	2.7999557563
95	12.7075139483	10.0448108280	22.8520141458
96	20.5901252188	18.4200836373	28.6039302567
97	27.6680625087	21.4600320302	37.9378089595
98	25.9184897418	22.7421497263	37.1092721415
99	22.9621553875	26.4650797379	21.7879795112
100	16.6279909413	27.2869014694	28.8010634320
101	17.0797388208	27.8619127011	27.9447292274
102	18.1587081699	16.3723675796	46.7671429773
103	29.6502122505	33.3754654756	35.8964456490
104	20.2015701324	16.6804753777	46.5219286950
105	11.6383331686	13.7615772876	28.8515345241
106	16.3775024601	17.1817628213	26.3664326551
107	26.8733469785	26.8241324295	12.0859457792
108	24.1409753260	30.7131539185	29.9069150393
109	13.1373297844	19.4837419393	27.2940096321
110	20.8336729080	11.9421737490	31.5666619177
111	16.4541312193	13.2522735357	18.4320110868
112	12.5043887865	16.5051500250	19.5291456357
113	24.7313054523	24.5900689299	25.0232111429
114	5.5546496727	4.3795131805	7.7070338682
115	10.6386111455	10.2785527776	29.6243888336
116	18.3539272920	7.8849691514	23.4285950596
117	1.4538949276	1.0497323400	3.2220829009
118	5.9971189779	2.5401578478	14.0484163446
119	1.5386034213	1.6416323384	1.5183926183
120	1.1300714526	1.6018221045	1.0861862527
121	12.5704814081	10.3864858054	6.7731537056
122	10.9046997269	9.8787035074	9.1285551942
123	5.2599365913	5.0658958894	6.0315817286
125	2.4331364789	2.4331364789	2.4331364789
126	6.7249851817	6.7249851817	6.7249851817
127	4.8444271357	4.8444271357	4.8444271357
129	1.6650738896	1.6650738896	1.6650738896
130	7.4983729119	7.4983729119	7.4983729119
131	16.5555836765	16.5555836765	16.5555836765
132	12.1285263710	11.7372288316	10.9620726462
133	6.6168217218	10.6954781053	22.6556598830
134	3.2887823607	3.2887823607	3.2887823607
135	2.0734087517	2.0734087517	2.0734087517
136	2.6945198216	2.6945198216	2.6945198216
137	16.4035976481	8.6434993135	17.8853040295
138	6.3532063839	8.0396141731	8.8478044764
139	20.7630179676	18.2745485993	28.1499584682
140	11.5137303639	14.6868087722	24.5572458476
141	3.2281267567	3.1842961713	3.2463054078
142	4.8683356021	4.1061016136	4.4931523909
143	20.2844815807	18.8716140412	24.2853852235
144	20.6529619643	19.5078588228	27.0234470443
145	13.3200964516	12.5502895847	16.5516668653
146	8.5702935894	9.2938056390	8.9900520512
147	18.9898198377	15.7829702733	17.8458879999
148	3.7201849883	4.0584079487	3.8817084411
149	5.9586842859	4.0919054421	6.5324112048
150	8.9380239412	8.2952222227	9.9478541625
151	17.4863737364	16.1215034938	14.9019152645
152	32.6712957193	32.0354154635	30.2178349867
153	25.9240362154	28.8508151633	22.1259521948
154	47.8791731318	50.8777744699	46.0655097173
155	23.9422391684	18.2589465253	16.8987387308
156	42.2220966865	37.1079322832	44.4943380403
157	11.5199100595	17.2429414463	22.3745386045
158	6.1192845994	3.8719213580	11.2996285266
159	6.6257170680	6.3261312051	10.7954737758
160	8.8878556152	6.2161220873	7.9652270355
161	29.8826411940	52.7516816418	58.7388000000
162	15.8506138034	28.4250567949	46.6070046581
164	19.5660517034	28.4018028196	47.0251675898
167	3.5343721318	3.1090754111	4.1011423298
168	9.2099544000	4.9991280000	58.7388000000
170	46.2508925059	37.0197888555	44.9846691607
184	17.1650660508	16.9347670911	18.6308307676
189	1.1342554647	1.1342554647	1.1342554647
196	3.4143022671	3.4143022671	3.4143022671
197	0.2289824248	0.2289824248	0.2289824248
198	1.0478943106	1.0478943106	1.0478943106
208	0.4032659734	0.4032659734	0.4032659734
209	22.8772286472	23.0793364149	23.2725293151
210	33.3349316811	29.1503024012	31.0109749033
212	45.8111502041	44.4848215108	45.9537368004
213	64.4209131077	59.7846582011	66.2867833045
216	10.2106365489	8.3899687059	16.7368550371
217	2.6969643638	2.6969643638	2.6969643638
223	2.3389689428	2.3796553645	4.9359179573
264	23.4405358528	18.7770257384	27.3347832670
266	25.2838661625	40.4644002209	47.6476847971
267	26.5822902408	19.3777068008	24.7332015919
269	20.7407532930	8.9327941173	40.8611253351
270	23.5808516601	8.6581408865	41.9217150724
271	13.1337548060	13.1407306129	25.0516437427
272	0.3912682822	0.3628663193	0.5750237911
273	8.3882648858	6.2519436746	16.5250561641
274	0.3523831594	0.3523831594	0.3523831594
275	0.9744947944	0.3800837762	0.9714089091
276	0.2908088036	0.2848714875	0.3083248059
277	1.8896766117	0.7599596851	3.3344769401
278	8.6777951666	9.1088952879	18.6280149048
279	13.7075074727	18.1506494878	31.1242271319
280	15.0012637980	19.6385782702	33.4817744234
282	30.7977667307	8.4947954283	46.7428339016
283	0.3618819955	0.3618819955	0.3618819955
287	0.3945884142	0.3945884142	0.3945884142
289	0.3387125930	0.3387125930	0.3387125930
290	0.4384085366	0.4384085366	0.4384085366
291	24.5050587411	7.0417874037	42.8135324906
292	13.9141008324	2.2790661493	24.0845918878
295	0.5134875552	0.5134875552	0.5134875552
296	21.1544763179	5.7084326352	38.8012460577
299	20.3432115514	16.7551080741	36.1571025622
302	10.1991983681	3.7757862800	10.2888045111
303	18.4786430829	16.6409719811	21.2333685727
306	15.0681618239	5.8178924705	32.2794075530
308	20.7890233891	10.5491173310	28.6432149281
309	11.4691817030	4.1156192974	12.4581601438
310	6.0577079821	24.6504633640	30.2213403574
312	26.9783519013	5.4159818354	47.0754256657
313	14.0433811269	14.1453300304	20.8508517446
318	24.0785358695	16.0384016300	31.8468666090
319	20.2997473431	20.6544587583	22.9626968922
325	0.3451394872	0.3451394872	0.3451394872
326	0.4224347994	0.4224347994	0.4224347994
327	0.4842484456	0.4842484456	0.4842484456
328	17.4004602915	14.4412652874	35.0031402362
329	23.4311451078	14.8891612138	33.7852975310
330	19.2126299108	8.3394229997	27.4180810229
332	14.5506599443	12.2297532899	24.9025106922
333	18.7771479308	15.1902461716	38.6956480922
337	14.1747758845	5.6160986434	20.8687186008
338	21.7933800685	5.5321613977	36.3128424541
339	25.8540979241	7.4397141376	42.3455016672
341	0.2485263388	0.2485263388	0.2485263388
342	17.6065070347	14.0603207693	31.0321522018
347	8.8116379403	8.5627619125	19.5972695071
349	14.9774261415	14.8311006836	36.6077589311
352	5.4224431035	7.3633728462	7.0486467276
354	49.0715064231	48.2172711588	40.3529549499
355	12.9153537989	11.4562733235	6.1400629491
356	35.4509570027	37.1099583891	26.9572034926
357	39.5853934362	41.4232953700	40.1585341477
358	34.3922978651	30.9640214048	32.1439292959
359	35.8100261020	33.7562053420	26.0481617220
360	20.2397506707	23.8735355515	20.3378779843
361	25.6687804365	23.0910045075	21.0046562994
362	34.6629400173	34.6629400173	34.6629400173
363	43.2914609815	28.9805217987	29.6858866280
364	25.5330296518	26.0694599908	24.8152044650
365	19.3660479572	19.0271552089	19.4142945715
367	16.2559581371	16.0566252457	16.0381447610
369	17.3182952762	17.3182952762	17.3182952762
370	22.1899138945	22.7706321320	22.8179947462
371	55.2609253572	55.8070405925	55.6571349205
372	31.8139459214	27.8444526401	31.8572657603
373	23.5503341208	23.0501299443	23.6721860286
374	33.6677152983	34.6225096431	33.6055940782
375	30.6468066728	26.2317236995	27.9866000064
376	33.7769267295	28.2682601307	28.2734076247
379	7.2344952894	5.9672249786	7.9456126572
380	7.6751239183	7.8980055108	10.1944328155
381	14.9703947599	12.5288451908	17.2060593862
382	7.8378999791	7.7131081990	20.3347609218
383	12.1301884640	11.8170384940	14.0492622150
384	21.3904847572	21.5562102739	22.4731623083
385	3.4947924687	3.8002452200	3.4354817511
386	12.5928244855	12.1391490467	14.6038420072
387	5.6171060147	5.3720755122	5.9168556343
388	15.7112980117	15.9664082663	16.0914313705
389	8.6737325868	9.0817548988	10.7009854119
390	18.1853637511	19.6840330645	15.7868014187
391	37.7349989232	37.3139506091	36.6982894650
392	25.5433166597	22.7351604882	24.3680925643
394	32.4530953789	29.0777756624	30.8672569461
395	24.7493849385	23.0142475823	22.8987437377
397	4.7216847971	4.5713684523	4.9471238826
398	5.0410382135	4.9981640653	9.6438014219
399	16.5420608129	13.6668200980	14.5565245720
400	32.9928788086	31.2805158005	27.5294923354
401	35.1397700741	36.3490449575	40.4637473805
404	30.0112044921	29.9078516080	29.9356461605
408	20.2330588620	20.8559863174	20.3545439366
409	28.5479061035	24.5508331389	37.3504117738
411	55.3623596111	55.3623596111	55.3623596111
414	4.3595286735	4.3595286735	4.3595286735
415	15.0736621533	10.2205710136	29.0829527012
418	26.1533702650	8.0161954043	38.3026595057
419	24.9743927353	6.6399576252	15.0298197942
420	4.3689919499	3.9591847408	4.3531843603
421	3.8620598293	2.0130556296	7.0182594273
423	12.4450167048	12.0802322644	26.5697591692
425	11.5169764863	6.9591744289	27.4089133684
428	10.5610960507	12.0712351983	22.6775022168
454	7.3187828026	8.1766331470	10.5676059721
459	3.0438265267	1.8976527359	4.8604311094
460	4.0004106590	3.7654906962	6.9078886313
461	7.3838680993	9.3221749463	9.3712619032
462	9.1616567786	5.4082018542	12.9795400817
463	17.4505395587	7.2598123804	13.4969085532
466	7.5414915657	7.4709081986	9.9641856996
467	11.7346789676	8.6682442074	11.6492015887
471	7.1220782603	7.8362165952	8.3041375460
472	0.9360170408	0.7476866051	3.6748696240
473	1.7899085244	1.6852600686	1.7558917740
474	7.0504364998	7.0157334515	7.5831459555
475	0.2571157295	0.2571157295	0.2571157295
476	23.2494301891	22.8639034918	25.6432498941
477	0.3369211496	0.3958015208	0.3963105778
478	0.2627727797	0.2627727797	0.2627727797
479	0.8636148420	0.8636148420	0.8636148420
480	0.3825688199	0.3825688199	0.3825688199
482	3.0350027261	2.5992953370	2.6505706873
483	3.4394663320	5.3422030866	6.8169610550
485	0.3741482198	0.3741482198	0.3741482198
486	3.0862930600	3.5460494395	3.7160846332
487	4.0676144155	3.9862031508	4.0637888297
489	1.7835918835	2.1385011694	1.0631581255
491	16.9488656089	15.0684425316	16.4898747073
492	5.8766381740	5.3532616790	6.4308453884
493	6.1353862518	7.1540974243	9.3631789191
494	3.4129854042	4.8702692447	7.7001492771
497	3.1731360684	2.6921593199	4.8646303353
501	0.7879947947	0.4860125886	0.7989672248
502	3.1996533298	3.0737583696	4.2172767699
503	3.0840030837	3.1494516534	4.3811351914
504	1.2007418044	1.3094511579	1.2687744604
505	7.8004030327	7.3625666352	8.6886892482
506	8.3519715704	6.6485784511	10.6138811588
508	14.5387553025	11.6774262505	21.2060576714
519	13.0620471063	13.4919645822	6.9073609406
522	13.4187252742	12.6436318387	17.3261405524
526	12.4922082139	11.7143185303	12.6352248631
527	0.6399509396	0.6399509396	0.6344167899
528	4.7981421502	3.6400547307	5.9842647187
529	50.1328253415	48.7685178192	53.3883895178
531	37.6727417752	37.2932278897	39.5614981248
538	35.4423204957	32.4582686809	29.2890117610
539	42.7116465770	38.6607120040	32.6952277867
540	50.7531283997	48.3647976580	49.9584121524
541	47.9120063128	46.1349963706	48.2391723398
543	25.7453519227	24.9992769877	25.1564218141
544	38.9561697337	38.5359121621	38.4773706326
545	30.6793066635	29.5149613959	24.2154255297
548	31.4175448309	31.4322507824	31.1686189409
549	14.0857965833	14.0252957844	13.0925209407
553	19.4662418981	19.3389627209	19.6248725493
555	27.4067061450	25.6001956885	23.1852437470
556	21.8918029256	21.8918029256	21.8918029256
559	22.1235069040	19.3484594833	14.0456991065
560	24.6517180384	24.6085965797	24.6269950687
566	21.7430466891	21.9099879573	20.9274713765
567	22.0672868903	22.0594686873	20.2016165065
572	24.2384016732	15.9080243272	30.6573953363
574	31.3785680260	33.6889784912	45.5454778412
584	33.9805870249	29.7533164400	41.4681585894
586	11.1044599950	20.2619547547	33.2050968593
587	10.7553466973	8.1129675160	35.9716509226
588	18.6779872989	6.8588576435	35.4729470916
589	15.4528004665	5.6372865945	25.4945062954
595	0.6629404749	0.6629404749	0.6629404749
596	4.4285125927	4.4285125927	4.4285125927
597	3.4089083219	3.4089083219	3.4089083219
598	14.4683102069	15.0478887006	11.0744131001
599	9.1925513744	8.6272509607	8.8831626312
600	37.7049338309	29.3262866108	23.7710332680
601	39.8383135524	39.2755397737	33.2457453860
602	18.9396869556	18.7659661961	18.3309597358
603	38.0267134704	37.1825611581	33.2052916786
604	39.9069860296	39.9344592066	36.2818384627
605	1.4623152809	1.4255027416	1.5236813202
606	49.7668286166	46.4475012824	42.1119162087
607	0.9870503809	0.9870503809	0.9870503809
608	27.5735074465	23.8043085194	16.6113287747
609	32.6268889627	33.1848680486	21.7205183518
611	31.5308575108	32.7304773726	25.5431372305
612	23.0502310289	21.2497122823	21.0980665841
613	21.0935261180	22.0795093701	20.1595419534
614	8.5630348870	7.9138931999	8.2272327717
615	2.2887381472	2.2887381472	2.2887381472
617	2.6919641791	3.3637412232	6.2369506421
618	4.3528074443	4.3528074443	4.3528074443
620	1.0423121543	1.0423121543	1.0423121543
621	1.6450864892	2.2042843678	3.9209730719
622	9.2960590507	9.1194209416	5.9870488658
623	4.6887901728	2.7013176182	8.3009715917
625	3.7127108371	4.9873120374	6.1749134586
626	2.9150180714	2.5607088828	10.7870279804
627	11.0098465600	18.2821520384	31.9330802165
629	3.5850878270	2.0889693225	5.5299554670
630	5.0640856170	7.3190322165	18.9211506820
631	30.0394937710	27.8878704920	24.9547247979
633	28.1194099110	28.4629574106	26.6143586500
634	33.6709234186	33.1137461295	30.7668118342
635	6.4620038515	6.5429381052	10.2274610662
636	5.8028390224	5.8028390224	5.8028390224
640	4.7611807923	4.7611807923	4.7611807923
643	31.0183291345	26.2781672995	29.7065143578
645	22.4498285427	20.7344367597	23.3212326211
646	38.0851767655	28.0876947081	34.2121116844
647	8.7993916320	8.7761983453	8.7995793175
648	3.0803767765	3.0588489212	3.1009134566
652	1.2123569691	1.2123881109	1.2123881109
653	0.7387954198	0.7387478468	0.7388110245
655	4.2200961640	4.2200961640	4.2200961640
666	25.1969731483	18.7557073760	12.0063065141
667	4.9331969624	4.9331969624	4.9331969624
668	5.6212193287	5.6212193287	5.6212193287
670	8.4577003406	6.9983072242	7.4507962011
673	2.6899621068	2.3036524474	3.0442603627
674	0.3983226539	0.3983226539	0.3983226539
675	4.5916891909	3.4930632633	10.0870083766
676	2.2973136410	4.2979214750	5.7372590560
677	1.1873482848	1.1873482848	1.1873482848
678	1.5955284848	1.4923641211	1.6953800477
679	12.8047103205	3.7722569665	29.7587252538
680	1.9262512203	1.8720572464	1.8890866885
682	2.7826163409	2.7826163409	2.7826163409
683	5.4269648201	14.8099516810	22.4081428848
684	1.2101767226	1.2101767226	1.2101767226
685	1.7473928337	1.0551765277	1.2755379588
686	8.6247666512	18.7922014398	26.5720882981
687	8.6210452232	19.1960826294	21.4458584553
688	42.5904588320	5.7862391659	22.5836879417
689	37.7301242703	4.8018349273	18.8411286032
690	14.9584504464	17.0388888562	17.9378702036
691	28.8283690216	6.5430620905	28.4612621708
692	12.7720846639	17.2119150094	36.2753930156
693	6.5891591065	6.5054966782	6.5333916854
694	5.7862707358	5.5970765020	5.8956319523
695	2.8623013164	1.9784298154	3.2828121165
696	17.2788942189	9.9728895843	21.7064359428
698	17.7499254104	7.4189510748	22.8001124109
701	11.1911649204	12.7697433779	19.5215480929
702	6.6635172930	9.5057324241	11.3069378642
703	9.1076109900	8.4680196891	23.5243163183
704	26.0911418377	8.7226528973	32.7438088645
705	15.6712533485	11.5173559874	19.1328018014
706	10.5609146553	7.9962834874	12.3647666942
707	13.4239562057	12.1628214279	14.5922306500
708	0.8598413924	0.8598413924	0.8598413924
709	3.2658081173	3.3822787184	4.0899923684
710	4.3768215524	4.2877325223	4.4831626774
712	1.2886434673	1.2886434673	1.2886434673
713	4.2103511046	4.2091924858	4.9799639633
714	3.4471630477	3.4318468036	3.5862089538
715	6.8966900915	5.2737122118	5.6237445212
716	1.7075690710	1.4210266969	1.4731139621
717	1.7449694263	1.5392514297	1.8014627978
718	3.8248193701	2.4195636819	4.3424182949
719	3.6200767845	3.7601156372	6.5496448413
720	2.3301027539	2.3703916180	2.3116416878
721	0.4236326329	0.4335503671	0.4229562166
722	1.6829953632	0.9484630997	1.6484554207
723	4.7469297973	1.9787399818	8.4178832628
724	3.8980960022	3.8155409943	4.8142077412
725	8.7015946045	8.5980688500	8.8318691413
726	5.9647756356	5.6330965239	6.9004542649
727	6.3194080963	2.3242876478	8.5885297265
729	11.1329888906	3.4517857698	18.1146983846
731	8.0653806900	18.1769215388	37.9333435866
733	21.3428008261	27.4038604628	28.1889000484
734	3.4152042762	3.4101399783	3.4841526150
735	1.9211589039	1.9211589039	1.9211589039
740	0.3103222757	0.3103222757	0.3103222757
741	2.0520484285	2.0520484285	2.0520484285
742	4.3228161086	6.1537394971	7.2962463902
743	3.9652418122	10.7401133910	6.0013993953
744	1.1970331336	0.7422275677	4.7806382383
745	0.9566918798	0.9442498720	0.9826391955
746	1.6495675233	1.6495675233	1.6495675233
751	12.7323735702	9.3486310211	20.2626187837
757	14.1846052820	14.9909339915	14.5853264397
759	0.5149802748	0.5149802748	0.5149802748
760	9.3944842597	1.2038012450	11.3788754479
761	1.7633492291	1.5245746900	2.4948493118
763	3.0538957211	3.0538957211	3.0538957211
765	1.6316408601	1.6316408601	1.6316408601
771	0.6470089987	0.6470089987	0.6470089987
774	3.8461603257	3.9241978519	4.0056551079
777	2.1872063214	1.4481650857	2.7818445460
778	0.5486487573	0.5486487573	0.5486487573
784	2.0862975434	2.0862975434	2.0862975434
789	1.7905019561	3.1332100845	2.4542970619
790	2.4484512593	2.4484512593	2.4484512593
791	1.3166850084	1.3166850084	1.0197160416
797	0.2472387113	0.2472387113	0.2472387113
834	0.8085383258	0.8085383258	0.8085383258
835	1.1399963798	1.1399963798	1.1399963798
838	1.2484270080	1.2484270080	1.2484270080
839	0.2469116665	0.2469116665	0.2469116665
840	0.2600337105	0.2600337105	0.2600337105
841	0.7908219848	0.7908219848	0.7908219848
842	1.1935562600	1.7207997399	1.1079136451
843	0.3792488602	0.3792488602	0.3792488602
844	0.3222817642	0.3222817642	0.3222817642
845	0.3771450126	0.3771450126	0.3771450126
846	0.5686220726	0.5686220726	0.5686220726
847	1.5640403819	1.5640403819	1.4648137909
849	1.7328964000	1.7328964000	1.7328964000
850	2.1405770417	2.1405770417	2.1405770417
851	1.9407803839	1.9407803839	1.9407803839
852	2.5154956225	2.5154956225	2.5154956225
853	3.3204604793	3.4843796767	3.3798889112
854	1.8343125297	1.8343125297	1.8343125297
855	3.3108237108	3.1689213911	3.1128275701
856	2.3385862602	2.3385862602	2.3385862602
857	8.4956015576	7.7080669009	5.8437692597
858	31.4653929913	31.6159362023	33.4384708203
860	9.6059829662	6.8600192643	13.0484057724
861	11.2876684200	11.2876684200	11.2876684200
862	1.8250291679	1.7799454622	1.7799454622
863	6.2823742008	6.2823742008	6.2823742008
864	1.0534672871	1.0534672871	1.0534672871
865	15.9260111657	15.7619389707	15.6741774969
866	26.5618361180	27.9570726917	27.9023708099
867	16.1249697558	16.5370638764	16.5186607251
868	37.6869065757	35.8556156992	37.1094023243
869	4.2726331070	4.3319722793	4.4578952643
870	5.4550328604	5.4550328604	5.4550328604
871	14.6959630864	14.7630792856	14.5175653375
872	1.0128300541	1.0128300541	1.0128300541
873	32.5544443234	21.0524136109	27.3254088829
874	24.3128579997	24.8930794225	23.1404431869
875	12.8460605221	12.6448240347	12.8319893937
876	1.7508954400	1.7508954400	1.7508954400
877	10.0214824183	10.0214824183	10.0214824183
878	0.6328410547	0.6328410547	0.6328410547
879	0.5953955660	0.5953955660	0.5953955660
880	3.0005315117	2.9801699679	3.0202392083
881	23.9158708156	25.6229885879	23.7934907258
882	0.5977604316	0.5977604316	0.5977604316
883	11.4950777285	11.4950777285	11.4950777285
884	1.1811515441	1.1811515441	1.1811515441
886	4.1957119018	4.1957119018	4.2473753482
887	24.0620850416	14.3440348819	9.6037534846
888	2.8503377270	2.4784583873	0.5118732280
889	1.3763523839	2.0923530533	3.7474732186
890	0.4228266319	0.5763103866	0.6856258544
891	6.2615568125	6.2615568125	6.2615568125
892	0.2918386084	0.3212799582	0.3212799582
893	1.5746891449	1.4631112358	1.5214308084
894	23.2925741169	23.2159002173	23.4802442931
895	21.6576161849	21.5536385356	20.1108395613
896	19.9291733818	15.8930173639	22.7653766041
897	0.9851518609	0.4443215628	1.0610606884
898	6.6069357596	6.2929340082	5.8633173818
899	4.4440297200	4.2039308479	3.9905974451
900	5.7105420338	5.0074666932	3.5798970415
901	7.8262843460	7.2406278418	7.4594539646
902	0.6300052203	0.3489447555	0.5932254552
903	0.4818097711	0.3270104213	0.5774826212
904	0.3651495406	0.3481886503	0.3841969737
905	5.0807713731	5.0807713731	5.0807713731
906	9.0825256834	9.0010222503	9.0484796142
907	8.9374796724	7.8986242783	8.4503453582
908	11.3276823487	10.5543219220	10.6757850830
909	6.6821615535	4.4851078901	3.5917771504
910	8.3360787674	8.3326383138	8.3292052182
911	2.1899790704	1.7131947558	3.7819149040
912	1.1470198861	0.7627800991	0.9437864138
913	0.3130157939	0.2813846778	0.3129170512
914	5.2612858618	5.2612858618	5.2418801227
915	1.5878597372	1.5878597372	1.5878597372
916	0.4957465658	0.4957465658	0.4957465658
917	3.9243756681	3.7813443760	3.5761218692
918	0.4610163511	0.4610163511	0.4610163511
919	0.4931290032	0.3061878832	0.5848167460
920	3.9221565014	3.9203799423	4.0262736630
921	0.2494159672	0.2494159672	0.2494159672
922	0.4562169968	0.2772155868	0.9160805129
923	2.0092800674	2.0092800674	2.0092800674
924	8.5377960941	8.4469918139	8.5012037831
925	2.4616938868	2.4095730503	2.4501758304
926	5.7423593011	5.7576832498	6.2867922463
927	1.2727941304	1.3682837822	1.5168692477
928	0.4821092336	0.4737723847	0.3843948102
929	0.3534279420	0.3534279420	0.3534279420
930	0.2546215766	0.2522308727	0.2569022089
931	5.3589767542	5.3589767542	5.3589767542
932	0.5703410687	0.6109275850	0.5892326425
933	1.3123939428	1.3123939428	1.3123939428
934	0.7223965740	0.7223965740	0.7223965740
935	0.2750798174	0.2750798174	0.2750798174
936	0.5638293994	0.7607178065	2.1641197244
937	0.9775202104	0.8326401632	1.1275752585
938	0.7959718290	0.2354591726	0.8956091197
939	2.7674585123	2.3693193982	3.0757328370
940	5.9364809999	5.8125358924	6.0328816190
941	0.3569542628	0.3569542628	0.3569542628
942	2.5430717116	2.5233276598	2.6460341404
943	0.3311375459	0.3311375459	0.3311375459
944	2.8417142132	2.7946357987	2.8872808517
946	0.9530764493	0.6863449909	0.7912820507
947	0.3528721000	0.3440612626	0.3469389174
949	3.4630458808	3.4630458808	3.4630458808
950	1.5500370875	1.5900216544	1.5969627860
951	3.8919895699	3.8494189196	4.1769394681
952	7.6066007891	7.8432385009	8.9323231866
954	4.3151113440	4.2969303562	4.3182994720
955	7.3401166004	5.9593526370	8.4909304466
956	5.5396753682	5.6767257307	5.3820361825
957	1.1850371553	1.0664740512	1.5483770306
958	21.1918802120	19.4722830241	14.3571737363
959	26.0191453054	23.7874946161	30.8662787695
961	4.7952421087	4.7144237051	5.0031457022
962	4.3936939520	3.0177468970	5.1642713852
963	19.6435086946	17.5333924567	13.6863598526
964	5.9523116111	5.9942186269	6.8248701482
967	1.4033551601	1.4033551601	1.4033551601
968	1.2139891208	1.2139891208	1.2139891208
969	0.7953762457	0.7953762457	0.7953762457
971	14.7515459385	10.8023303747	11.2600761005
972	0.7488858782	0.7488858782	0.7488858782
974	1.2645063594	1.2645063594	1.2645063594
975	5.0700339530	5.0700339530	5.0700339530
976	7.1735108271	7.1735108271	7.1735108271
978	0.8481805179	0.8481805179	0.8481805179
979	1.4564666919	1.4868143934	1.9608068379
981	13.7208718168	14.9273746637	15.0375088834
982	2.3015673716	1.8097196836	2.2057963851
983	5.2899826165	6.1180405150	8.0560603859
985	4.6193047419	4.6193047419	4.6193047419
990	3.0812364859	3.0812364859	3.0812364859
994	9.0632400252	9.0632400252	9.0632400252
997	8.9956948749	8.9956948749	8.9956948749
1001	11.8198615060	11.9557525410	11.6392055518
1002	24.1934592118	22.4417616734	23.6152084659
1005	17.6617615731	17.6617615731	17.7148504443
1008	26.6044633099	25.8002361796	25.5109785215
1009	12.3456861805	12.3380400015	12.3687490030
1011	33.1462888865	26.8787433237	32.8440776110
1012	41.1189457296	30.2493786702	44.1963248477
1017	14.7289013476	10.0226170427	18.0905621983
1020	34.6492371691	32.5609125637	34.4198646013
1021	12.2033448888	12.1413109978	12.0528445090
1022	6.7587322554	6.7587322554	6.7721955572
1024	19.2258694904	19.2258694904	19.2258694904
1026	1.2439488634	1.2439488634	1.2439488634
1028	14.2545887992	14.2545887992	14.2545887992
1035	14.4250936863	14.4250936863	14.4250936863
1038	4.9628450191	4.9521338962	4.9628450191
1042	6.0003126070	6.0003126070	6.0003126070
1045	1.6707484918	1.6707484918	1.6707484918
1046	0.8546296847	0.8546296847	0.8546296847
1048	3.7329046032	3.7329046032	3.7329046032
1049	0.7117886559	0.7068413288	0.7512612587
1050	24.2998428562	31.5407209310	31.2316079553
1051	26.7667867802	27.2306814236	37.0601795057
1052	24.2325971791	17.3947643119	38.6538734717
1059	23.0825617523	15.3060633710	36.7765129166
1060	21.6591339863	16.5138771118	36.0187099641
1062	37.3754610036	33.6394141137	43.3635295540
1064	28.6329387707	29.9109336845	41.6212086537
1066	23.1047553194	11.5333212582	42.0242762391
1067	24.1149043120	25.3008599703	40.7304828436
1071	28.6012060340	30.0672697288	42.2815645571
1073	6.5467873123	6.5467873123	6.5467873123
1077	3.0713157239	3.0713157239	3.0713157239
1078	3.6946318328	3.6946318328	3.6946318328
1079	3.2316663484	3.2316610732	3.2316610732
1082	30.4606989385	25.6056726360	33.1266782137
1088	9.1902566852	8.7578722182	9.3947501513
1090	9.0121684111	7.8948837729	10.0515863491
1091	6.0989363136	6.0989363136	6.1020018158
1094	15.2624862862	14.7931464077	15.1316015781
1102	3.0914153072	2.9777663615	3.1181044078
1109	7.0047945221	6.7646281318	6.6239821290
1122	5.8566960351	5.9582667856	6.0068030035
1124	6.9070268746	5.0081972587	10.0712645103
1126	6.8112352634	6.3488998539	7.3315310099
1127	2.1756361666	2.0343956491	3.4234913840
1130	6.3079565480	5.0886420190	6.6753117068
1133	4.1185592210	4.0230463826	5.2458211351
1136	0.5491965914	0.5491965914	0.5491965914
1137	1.6999650080	0.9084728355	1.8657781395
1139	2.0127496777	1.7557036574	2.3373743258
1141	4.0959672740	2.8892639770	5.4527826591
1144	2.3591636974	2.4610370017	2.2626133604
1145	10.2643139172	9.5288436430	9.6296187615
1146	2.5742463750	2.5402711704	2.5402711704
1147	0.9801243900	0.9801243900	0.9801243900
1148	0.3578819689	0.3578819689	0.3578819689
1149	0.7025833845	0.7025833845	0.7025833845
1151	0.2472342376	0.2472342376	0.2472342376
1152	0.7047213983	0.7047213983	0.7047213983
1153	0.4183596492	0.4183596492	0.4183596492
1154	0.5350641090	0.5350641090	0.5350641090
1156	0.3294272347	0.3294272347	0.3294272347
1158	0.5323601211	0.5323198233	0.5323317158
1160	0.7448864157	0.7448864157	0.7448864157
1162	1.2708532249	1.2708532249	1.2708532249
1172	5.7444487028	4.9078974898	6.3208633297
1178	9.4942960736	12.4135571415	17.6912273896
1188	1.7820086107	1.8579450252	3.0202675691
1189	15.3829037607	21.9585247648	30.0638946436
1190	3.5067925882	1.5653904891	7.1305091819
1192	0.2767104412	0.2767104412	0.2767104412
1193	0.3922389995	0.3922389995	0.3922389995
1195	1.3844416151	0.8752832753	1.8614334656
1204	13.8599606026	14.5492861071	21.5287633872
1205	16.8771737211	15.3284371474	25.2652694312
1206	1.4130272869	1.2773016013	1.1167480467
1207	2.5995875187	0.9878876288	3.0018143628
1209	0.2939368040	0.2637334379	0.3312186552
1210	0.5495822578	0.6904197393	3.0486108784
1211	1.5222214668	0.7927642804	2.5441129578
1216	7.3633676243	3.0032744085	11.3599580043
1217	1.9174472870	0.5604862261	4.2573088927
1218	2.7340937436	0.8664847393	3.9421360047
1219	1.1216285788	0.5052701713	2.2528993697
1220	9.3183737663	7.1897440240	22.4095631235
1223	0.2393024690	0.2393024690	0.2393024690
1224	0.2821072450	0.2821072450	0.2821072450
1225	6.9081359960	6.4594152858	11.3245773387
1230	0.3498708783	0.2703926225	0.6107151314
1231	0.3044957746	0.2641995227	0.2899566425
1232	2.4082403346	1.8361557561	3.3747460335
1233	12.2011279526	13.5180921204	17.7498137279
1238	4.0134061601	0.5933897106	5.1842319222
1239	14.6143249651	8.4571911952	20.1831689659
1240	14.1576827226	12.7605459685	22.4803901856
1241	7.7496436820	18.8077088876	16.7857812209
1242	1.8487231389	0.8654873421	3.4448440039
1243	2.0491266938	2.0491266938	2.0491266938
1244	0.5996456783	0.5996456783	0.5996456783
1246	3.4833745475	3.3425747448	3.4739854119
1247	12.3527649536	7.7121189250	24.8266449214
1248	6.8467368564	8.5035909735	18.4092030761
1251	12.6079371802	11.0317171981	22.0711761102
1252	8.4939128791	19.0901580039	23.4973752168
1257	4.6829530597	5.3884892396	5.0359065817
1258	15.3720976257	14.9334788388	1.8069770040
1260	5.2421174614	4.9208278114	4.1758662122
1263	2.3220359735	2.3220359735	2.3220359735
1266	0.5498094067	0.5456506947	0.5456506947
1267	1.7442898602	0.9699533256	2.0388398634
1269	2.2539006293	2.1840924881	2.2198190104
1270	0.3253301184	0.3253301184	0.3253301184
1271	0.6277085213	0.6277085213	0.6277085213
1274	1.3057320741	9.1880319536	18.4258622246
1278	7.8208365761	1.6551170927	2.7999657127
1279	3.4064637853	16.1753681247	13.8836366147
1280	2.2502889955	1.4929858895	3.3998312181
1281	1.3052435187	1.3052435187	1.3052435187
1288	0.8163499244	1.0486513780	0.8956343577
1289	0.9218532466	1.9726737457	1.6925603644
1290	0.4303101584	0.7710484264	0.8760838804
1291	7.2261165481	5.5032255951	16.7283460617
1292	8.9356042047	3.6291167504	9.8004962728
1293	1.9413245311	0.7355848225	2.8615865355
1294	10.9547989659	9.5932904140	20.0811720921
1295	1.5814690648	2.1187229548	4.0187175195
1296	0.4911843418	0.3648092205	0.7587825495
1297	3.1945651856	2.6167265621	4.1325528538
1298	6.3720669103	4.0834310147	8.7317966816
1299	2.1090838935	1.3402109737	5.1873480392
1300	0.4850593183	0.4165152324	0.4302885972
1301	5.4744288262	9.6590183821	11.2159285416
1302	12.9188282459	9.8220474469	20.0724187809
1303	8.8310972448	8.5024747662	17.2700745312
1304	12.1634516887	5.6416072351	17.3717685585
1305	12.3496647766	6.9409834251	29.7508820757
1306	10.4684653913	6.2681434692	19.2967062965
1307	15.9050800656	18.9642773957	35.5398761486
1308	13.6855353879	5.7996008918	51.9505677990
1309	20.7157435126	2.0355953251	22.0994589116
1312	5.3659616182	3.0361862134	4.4842815029
1314	12.4593245460	14.2070630372	16.8204592827
1315	12.5836291384	8.1666403317	20.0767373500
1316	10.3950087108	15.2669272229	24.6383765161
1317	12.5113713094	10.2453663258	22.8634584760
1318	9.1777299373	7.0485587235	21.7303072257
1319	9.8799696590	15.5975613874	22.7619622173
1320	13.2894828662	15.7190690671	16.0578364209
1321	14.7157077324	10.7940896511	17.6522227855
1322	16.9581548166	8.5742240965	29.4323625725
1323	19.5251300380	10.5100149171	33.1077664271
1324	2.2259948566	1.9582655815	2.4148100163
1325	4.7232344527	3.0047193086	8.5963597074
1326	7.8467969429	7.2591229265	7.8767877826
1327	7.8797244452	5.6517553948	11.7021794210
1328	22.3942593075	6.9326279964	34.0717658486
1329	5.0590924087	6.9829952817	20.8883385078
1330	8.1469590503	13.6836066887	11.4369838385
1331	4.3930620094	6.4700955854	7.9872388913
1332	10.6925020438	4.0745459640	15.3214082655
1333	17.4657393538	4.5554712913	19.7932208435
1336	20.9943012708	20.9595123576	26.7142587789
1337	7.5870119571	5.7782649408	13.0366655398
1342	1.6712574330	1.6712574330	1.6712574330
1344	23.9324583157	3.9889747406	13.4205825846
1345	8.6271444409	2.9467641391	10.1555575615
1356	2.2564111983	2.1423551630	2.6209920162
1359	2.4705263983	5.0182287467	4.2083969194
1365	10.0191918660	19.6211034985	18.2097946737
1387	15.2747860763	24.0774092559	25.6064796656
1388	11.0504928791	10.2851932189	15.0305122937
1392	25.4699175749	3.2873530581	43.1203888103
1393	4.2536200195	2.8491916219	7.1798095897
1396	4.7557307113	4.3408881758	5.3563154074
1401	8.4972845613	5.0793733134	10.3059838064
1402	3.4280662617	1.5141165188	1.7571665234
1407	6.4171403540	3.2724144347	7.0649498865
1411	1.9996658760	1.3422242562	4.2268180090
1415	3.8398401882	3.8826701579	2.9785082420
1423	0.7127820268	0.3947722635	2.5713531743
1424	4.5295202596	9.7068168544	16.4639589786
1427	3.5382205777	3.3590472365	3.0162664389
1428	7.5717493633	3.3826361575	9.6901490267
1429	13.3796991614	14.9371775222	21.7449948406
1432	0.4934514587	0.4934514587	0.4934514587
1434	3.5859670490	2.7967004780	5.5253453229
1437	9.1137000239	16.9336490484	20.2968128417
1451	18.6844361860	10.5778061272	27.4099888531
1452	1.8974236867	2.0652210229	2.7761581090
1459	0.9557146982	0.7918275298	2.7280028268
1460	4.4125476029	1.1951717122	5.8227925297
1468	0.2522446679	0.2522446679	0.2522446679
1469	0.3048103050	0.3350255880	0.2903217626
1472	0.4801465253	0.2809342336	0.6407414729
1473	0.2547859953	0.2547859953	0.2547859953
1474	0.2316960596	0.2316960596	0.2316960596
1475	0.2496773698	0.2496773698	0.2496773698
1502	3.4819289292	2.6694672785	6.7640331518
1504	5.0853236263	5.4873554814	8.1009178137
1505	1.3460659005	3.7993878484	3.4143455504
1506	5.3354783269	1.5023533059	9.8629595525
1507	6.8714635509	2.5280161025	8.9169811060
1508	0.8813855146	0.8616414535	2.2601810448
1509	10.4129201905	8.0022476473	9.9112864459
1510	2.6231425468	2.6231425468	2.6231425468
1511	7.4376657634	8.4545576923	14.6124705787
1513	18.3679289102	13.9680767989	18.6961298672
1514	16.7627589458	15.4572789024	16.9784154613
1515	13.2782958429	15.7479769489	18.2830884915
1516	30.2095789285	24.5825270160	30.8986678685
1517	10.6237382666	12.0513550413	9.5794129860
1518	19.1408383973	19.2019231336	13.5674224858
1519	9.6427729007	15.3393978266	9.2540049703
1520	9.3999504875	7.2912797400	9.5057564260
1521	14.4350404892	15.0099333211	16.5900490417
1522	19.8019348640	15.5887314618	19.6002437307
1523	13.0705299040	10.3904309636	13.0613594831
1524	8.5932900386	9.1003283049	9.1120227735
1525	6.2845341169	6.1324217929	7.1052795045
1527	5.9397344230	5.9053237198	5.9397344230
1528	31.9048711647	28.6315733453	32.5549538177
1529	32.4802955373	26.1370156893	32.1611554722
1530	1.2420928492	1.2419383880	1.2522723386
1531	2.7807530334	1.9089712250	4.1086430959
1534	8.8511762156	7.2638133933	6.4674013531
1535	7.2521105082	7.2289680763	7.2282702474
1536	2.0850884220	2.2357792040	2.4091695799
1537	18.6520032425	15.7945603598	23.7385295832
1538	16.0264296738	13.5635086246	14.7661020467
1539	4.3132481290	3.6765427623	7.1733715292
1542	8.4905941994	7.9683348453	14.5639000065
1551	12.9032642513	15.7231903958	14.1276887294
1552	7.1264280639	6.1369561989	7.5043029123
1555	18.5774237268	11.9685343015	26.2219087765
1556	34.2103278400	4.6620519206	40.9806673595
1557	0.2327760055	0.2327760055	0.2327760055
1558	24.9910896319	14.2276030083	39.7930924310
1559	14.9576013879	6.5351916283	24.2825919345
1560	15.8098037862	9.0595763308	28.8380771143
1561	14.8974432972	10.6411049695	17.4990770404
1562	25.5236703934	7.8813456612	34.3527586782
1563	2.8410372257	1.4871908982	7.4554010648
1564	1.4412281661	0.6701043890	2.0484625566
1565	0.4442443406	0.2596221229	1.9555812935
1566	1.9165059681	1.6780910123	2.1118237433
1567	0.9928517083	0.9499231215	0.8728108176
1573	1.3405731260	1.3405731260	1.3405731260
1574	4.0544395048	1.8155431759	4.1185187115
1575	18.6062377199	14.7948847448	41.0436511936
1576	15.8975775583	26.7652140439	32.0721949639
1577	39.3139675065	2.9821650221	60.3441973367
1578	24.5058724451	6.9258569500	32.0603577184
1579	4.0933713215	1.8766146499	5.3642620153
1580	17.2605185851	21.0262712789	37.6445587050
1581	25.2982225911	7.7538119580	33.1438089081
1582	26.8871047879	12.5449296283	26.5588482596
1583	58.7388000000	0.2522700000	30.1846000000
1584	15.7161938787	0.2222949365	31.4985218477
1585	21.2547426618	7.4133155417	26.9285813700
1586	14.3185143513	18.9207533091	27.2076130054
1587	7.8989867184	6.8518438054	13.7653456080
1588	4.6242436659	7.5856011761	13.6608678814
1589	4.1860338058	4.6665014510	8.5752947139
1590	11.9165370934	8.5625217748	32.1499737552
1592	1.7832128976	0.8202014522	3.7106229462
1593	13.5764573002	5.4162503921	22.2122140261
1594	17.1997544510	9.0781423097	21.2264753482
1595	5.9828978818	5.7924100966	11.1888396116
1596	19.8586329936	14.4234355596	23.2462645392
1597	13.5502656047	12.9262422809	17.1834896044
1598	16.2242845832	11.9727308269	29.4140780540
1599	12.2099071393	5.8525005020	38.0729074419
1600	27.5229560943	9.0721765511	33.3198251972
1602	11.3379447960	23.9676501099	18.8471829691
1603	4.9122585085	5.0320074192	12.5038252278
1604	9.0983886263	6.6971134967	25.6753919075
1605	1.7969655516	2.0362789514	8.7392429226
1606	3.0744780755	2.0850677535	5.1132158097
1607	1.2795448379	1.6473704184	4.6031170236
1608	2.0547417045	1.2238752031	4.6542936364
1609	3.4376933059	1.6870839022	8.6453219692
1610	1.1397197348	1.3381094488	1.1865933781
1611	8.4357929749	2.4518790844	12.5642299330
1612	19.3953283996	9.4904112899	33.5513260976
1613	25.3982107960	9.6701162901	53.4012011271
1614	1.8253885809	1.6436648881	8.2223881111
1616	1.0650670591	1.3410768574	1.2768066110
1617	18.3737411739	13.0428035423	35.9101215276
1618	4.8768155720	7.0748629308	11.4615864250
1620	1.1441387274	0.6952187068	3.0138388871
1621	0.5029161466	0.5029161466	0.5029161466
1622	0.8164358108	0.7409126906	0.8884817318
1625	22.6714099328	22.6714099328	22.6714099328
1626	1.8249206971	1.8249206971	1.8249206971
1627	0.9698703121	1.5824063260	1.8507710712
1629	2.1714147713	1.1241887673	6.6094442381
1630	2.5313432644	0.6447791914	0.6909653722
1631	8.0431965844	8.2966993304	10.0725618381
1642	0.4523815101	0.3980386251	0.4587139087
1646	0.6747257460	0.6747257460	0.6747257460
1663	1.1159129033	1.1159129033	1.1159129033
1665	1.8555241228	1.5760746741	1.8815347768
1669	11.1694093944	10.2127196873	13.2094244993
1682	8.2615518663	29.5225952874	26.3830983398
1683	11.4172285446	13.2379197735	22.2109490112
1830	0.2605212347	0.2605212347	0.2605212347
1834	0.2779386775	0.2779386775	0.2779386775
1838	0.2651793464	0.2651793464	0.2651793464
1842	0.9047563870	0.9047563870	0.9047563870
1848	0.2866522207	0.2866522207	0.2866522207
1856	0.4513241189	0.2342404098	0.3453398581
1857	5.7799529425	1.4723670590	7.1779799325
1859	0.4785127066	0.4785127066	0.4785127066
1860	4.5894048396	1.9961306403	6.2946598115
1861	0.2660588345	0.2660588345	0.2660588345
1862	0.2635502774	0.2635502774	0.2635502774
1868	3.6779101904	3.6029450201	6.4359600557
1873	0.3603330085	0.3077176885	0.7440898931
1876	0.2820637946	0.2820637946	0.2820637946
1877	0.2868928513	0.2868928513	0.2868928513
1878	0.2598874209	0.2598874209	0.2598874209
1880	0.4627519197	0.4627519197	0.4627519197
1885	0.2508491351	0.2508491351	0.2508491351
1886	0.2634795584	0.2634795584	0.2634795584
1887	0.4553317317	0.4553317317	0.4553317317
1888	0.2448767023	0.2448767023	0.2448767023
1889	0.2648136595	0.2648136595	0.2648136595
1890	0.2248063826	0.2248063826	0.2248063826
1891	0.2574012646	0.2574012646	0.2574012646
1892	0.9592200298	0.5924500906	1.4805792154
1894	0.3717171523	0.3322776010	0.4187294582
1895	0.4038092267	0.3996141234	0.4096305445
1909	0.3114946943	0.3114946943	0.3114946943
1910	0.3830912994	0.3830912994	0.3830912994
1911	0.3419072680	0.3419072680	0.3419072680
1912	0.4584837169	0.4584837169	0.4584837169
1915	3.8457225252	2.6527043268	6.1279089666
1917	1.2998047016	1.2082404172	3.0279740544
1918	5.8330397677	4.7559352057	15.5456479118
1919	1.8586776896	0.7930596520	1.0292223593
1927	0.2209646877	0.2209646877	0.2209646877
1928	0.2748178748	0.2748178748	0.2748178748
1930	0.2078881918	0.2078881918	0.2078881918
1932	0.2749476821	0.2749476821	0.2749476821
1933	0.2742757122	0.2646110718	0.3235432962
1934	0.3137000197	0.3137000197	0.3137000197
1935	0.5531347978	0.4470864090	1.1749166237
1936	4.0751916072	3.5103716133	9.0565144765
1937	1.4961069237	1.6238194482	7.9760291897
1938	3.5688713915	16.4228070050	8.4862623545
1939	4.7190566574	5.2111974527	17.5944098836
1940	3.5767884201	4.0403172850	12.8720851480
1941	12.0406956255	18.3889712253	24.0939915503
1942	10.1296133037	28.1790163134	35.8301182143
1943	13.6226139889	4.3138779677	21.6798903718
1947	0.2797732260	0.2797732260	0.2797732260
1950	0.2752186500	0.2752186500	0.2752186500
1952	0.2284864872	0.2284864872	0.2284864872
1953	12.0422073205	5.0041909132	17.9309105150
1986	0.2900540056	0.2900540056	0.2900540056
1987	0.2681475478	0.2681475478	0.2681475478
1988	0.3259552348	0.3259552348	0.3259552348
1989	0.9009987874	0.9009987874	0.9009987874
1992	0.6781196643	0.6287191162	0.7349907211
1993	0.5068594575	0.4848574254	0.5536975606
1994	0.6631559617	0.8094707132	0.8094707132
1997	0.2531862628	0.2531862628	0.2531862628
1998	0.3884940845	0.3884940845	0.4218233799
1999	2.7228443653	2.0767434782	4.1702957414
2002	0.8341757454	0.4247080026	1.4372900515
2003	0.2556995858	0.2556995858	0.2556995858
2004	0.2705675723	0.2931505391	0.3104121210
2005	2.0233082154	2.1167847578	4.6478483201
2007	0.4050339643	0.3645898796	0.3257194357
2008	0.2264660546	0.2264660546	0.2264660546
2009	0.3350436854	0.3549784177	0.5432408378
2010	12.9050463274	13.4831928555	15.8671844917
2011	15.9904475548	23.4164634404	34.5418423594
2014	25.1149246769	17.7338086665	31.2941742100
2018	0.2087010894	0.2087010894	0.2087010894
2019	16.3299371971	14.9097764284	38.2509415494
2020	13.2716715303	6.6603271437	16.1139231779
2024	13.4743773018	19.2506186083	34.4041377806
2025	17.8430344957	7.4200427934	29.0692990290
2027	10.4167560204	9.9498104866	20.2647187576
2029	0.2842987904	0.2842987904	0.2842987904
2030	0.3741034455	0.3741034455	0.3741034455
2031	0.2548341569	0.2548341569	0.2548341569
2035	5.0433339681	2.0947830960	7.5102355894
2036	5.2055215409	2.4652142602	4.8736574256
2037	7.1693333482	17.0409312642	23.7405487209
2038	2.4943406965	0.9199426013	1.2705107072
2039	7.7873897929	36.7978871720	37.8522515000
2040	20.8241361136	10.6606724894	20.9734857644
2041	9.6746514648	13.1235609262	39.3098417581
2042	24.2496255840	2.4448220790	42.9542697656
2043	7.9706838104	7.6807011349	26.7276866815
2044	28.3091842945	5.0872025716	36.1801875859
2045	30.8294571163	6.4668922102	35.9531131156
2046	10.6149202675	10.6472459027	7.6967499815
2047	23.4555977310	6.1351000775	19.9944417620
2048	11.9626081189	6.6715121371	22.9223350445
2049	16.0117793301	5.9612303707	26.9470840167
2050	7.8236017891	7.6228246993	13.6001810992
2063	0.3893403359	0.3893403359	0.3893403359
2064	0.4050061401	0.4050061401	0.4050061401
2065	0.6442151883	0.4123803225	0.8414042373
2069	0.2214332320	0.2214332320	0.2214332320
2070	0.2535659144	0.2535659144	0.2535659144
2073	7.8262537598	12.8775561587	18.6523526029
2074	7.6652928199	4.7581500176	10.8818640213
2075	14.0942943185	2.6495576541	14.5364072362
2076	8.4073991726	7.6687424166	15.3117861826
2077	37.2066587884	42.3486473655	32.2882433250
2078	14.2939607011	10.2488501852	12.1224208859
2079	6.2941319180	6.0856840174	11.3616569157
2080	11.1234724656	6.4273138306	14.6320764393
2081	19.0723645085	15.2789624892	33.5734110754
2082	15.7985162852	11.5092777972	21.4847722864
2083	18.9694503572	11.4378924793	27.6262971707
2084	18.7838519944	12.6236791950	28.5081419274
2085	10.9528802689	6.3347577881	15.2890453525
2086	11.3659918410	17.9733961837	26.9445948790
2087	11.5818958617	10.5761514876	19.9840101293
2088	16.5431290925	10.7757425255	29.9205881484
2089	12.7393592550	10.1990585595	23.3229372389
2090	20.0126590361	26.9831478718	28.0579548780
2091	17.9613830491	18.0733392823	26.3643929655
2092	8.7329586969	5.6099284179	10.2675788113
2093	18.7226072959	23.6327117109	22.2436451478
2094	23.3594559711	21.9467291641	37.2500001368
2095	12.1961665790	7.2439594584	16.5848346267
2096	13.4455125276	13.4116872715	21.3178531935
2097	7.2425026254	9.4674258606	13.8504601972
2098	15.5859148381	12.0836682006	22.2148648500
2099	10.2631158419	7.2104725727	21.0494387983
2100	12.3002863092	6.9005591312	18.7154342854
2101	8.8331752571	6.7967493287	12.7148527750
2102	10.1585462219	9.3616933661	10.8667205002
2103	11.2538640469	10.0492272240	14.2583190278
2104	32.1121299077	30.2525396616	38.0439753266
2105	42.7362657005	40.4014809146	47.7342208623
2106	35.8485998014	34.6785799940	41.8130573770
2107	20.9769928426	22.6031791752	39.5744492594
2108	39.5001410703	34.8758450114	32.6735933043
2109	18.8538451626	10.5460804896	23.7411987819
2110	17.8582370142	4.9890276018	20.0452699919
2111	9.6142177856	8.8290867839	13.6687072101
2112	6.4455895228	11.6754964563	10.9237102674
2113	12.3465812607	8.2115577237	25.8148687467
2114	6.9176216667	6.3183576761	8.2992228900
2115	4.5058612481	4.4874652885	4.6032670157
2116	3.2741195073	2.9609513152	11.9683692505
2119	5.2381209215	3.6181100008	7.4468494360
2120	8.6362106171	5.8857174925	17.0933977090
2121	7.7845819183	6.5330063274	16.2828917626
2122	11.8504292599	8.1796815328	27.7952771855
2123	6.3750831642	5.6096092750	11.8957231731
2124	3.8504816828	3.4582975899	7.1014955557
2125	4.0821227321	4.2194238521	5.3112128750
2126	9.7570176083	9.8314352324	10.2819622894
2127	2.9041265950	3.1427240135	6.7208202315
2128	16.5444131844	15.9141418496	30.1307286473
2129	21.1596225997	17.6356344879	31.8495889664
2130	13.9008357386	26.8016595412	30.1797476159
2137	19.3656714081	24.8390101858	27.3235150927
2138	13.4962801594	21.7468143212	24.7735735177
2147	6.0348662061	5.3313927390	6.3482025027
2148	4.4340301252	7.2929226258	5.4422020188
2149	7.6072740916	6.6474801163	9.8080691717
2152	6.4273802979	5.7149658924	8.1120515056
2154	3.6397937016	3.5549929418	3.6352429529
2155	1.1843853456	1.3947066898	2.1544835041
2156	0.0006766178	0.0006766178	0.0006766178
2157	4.5634467266	2.1515667168	7.8554074908
2158	5.0543577183	2.6380137646	8.6387502427
2159	9.4104753932	8.2530385815	16.9425271518
2160	11.4960177429	8.4540353341	17.7115465384
2161	5.6478726505	5.7768993271	13.0456076989
2162	5.7706123714	4.8111012957	9.7065354741
2163	13.0257841143	8.5031636070	19.6036857457
2164	15.0748467859	10.9322697442	21.8054806615
2165	17.2159167172	9.7127692224	21.9158552375
2166	7.6379270314	6.8609428649	13.6119985050
2168	0.0048723309	0.0147758505	0.0287535939
2204	2.9278639262	2.9278639262	2.9278639262
2206	2.2290870040	0.9305460934	3.1425070314
2207	0.0000000000	0.0000000000	0.0000000000
2209	0.1099986330	0.1099986330	0.1099986330
2233	1.3713023082	0.5514388972	2.4672074389
2235	8.1710223152	1.9285689374	17.7616994114
2238	1.5222572204	0.3843567651	1.0890755225
2242	0.2729111441	0.2729111441	0.2729111441
2243	4.5639651658	6.1772681509	27.2968004639
2244	16.5211494374	19.6502957553	12.4110979053
2245	8.9265124619	4.9569960601	10.3221609525
2246	23.7304081657	23.2689806598	22.7200626783
2247	28.8781684682	25.8850741760	32.0727814892
2248	0.5640287716	0.3738088524	0.5890866386
2249	1.8986943424	0.3691195494	0.4463763407
2250	0.4829567372	0.7932441416	0.9321507469
2251	0.4734763347	0.8510437725	0.9717850114
2252	0.9671044120	0.6312328179	1.5707652755
2253	0.4610974091	0.4038645743	0.4378628737
2254	0.9190132471	0.6950231371	1.2576634206
2255	3.2935318022	1.7551923547	5.9924276424
2256	6.2996722318	6.1322497516	10.3259249034
2257	10.1810047549	6.3725235194	15.6265254250
2258	15.7938773199	24.1411098344	35.0001762746
2260	0.2690983778	0.2690983778	0.2690983778
2261	16.2488305250	13.6123212518	27.2766422364
2262	9.0310193857	9.0696437002	17.5042410287
2263	0.2619099748	0.2619099748	0.2619099748
2264	2.5243844449	1.5085467049	4.6575954228
2265	0.4717338803	0.2932948940	0.4717338803
2266	5.0068094207	4.2454104379	8.8708846397
2267	5.0551328839	3.3000832205	8.4199757493
2268	1.2975391785	0.8400428475	1.6185330713
2269	1.7263971689	1.6033752888	2.3322794123
2270	8.4284253878	5.0886535485	18.8187457515
2271	0.9518220984	0.9246060503	1.4845391310
2272	16.1682699676	3.7930506788	37.5324217895
2273	9.2006135617	12.5811049530	14.2610375088
2274	3.4026911327	2.9980144034	5.6791481598
2277	0.6455679659	0.3610445527	3.4120245187
2281	0.3296171336	0.3296171336	0.3296171336
2282	3.3377301192	1.7727198434	13.7454905283
2283	10.2299766817	10.0338097947	7.1376364113
2287	3.5125652124	3.5125652124	3.5125652124
2288	17.9405688440	11.9483460315	11.5304176591
2289	8.4617348966	9.4679703822	8.8097442793
2290	3.4242566615	3.5549775525	4.2113647621
2291	2.7551881069	4.6732499908	8.9923427414
2292	3.7114614068	3.6836272451	3.5178017132
2293	4.9248946845	3.4411023895	8.9414298157
2294	4.3282916581	4.3278570149	4.4030358452
2295	13.0749244519	10.2152802970	19.8952846248
2296	24.8001276162	23.3524817582	19.6398282135
2297	30.6110054715	22.8667657897	35.3064304056
2298	12.4967212108	14.9277053550	13.0095526662
2299	4.8846915769	4.8846915769	4.8846915769
2300	5.2031839265	5.9356460766	5.8400805632
2301	9.2676067004	9.1319069378	16.5637537141
2302	6.4186128222	6.1789465720	11.6103948625
2303	16.2408322185	14.1870345306	25.8929289217
2304	1.8956953730	1.8273748657	2.4548597969
2305	1.6458326535	1.6960882363	1.7995625725
2306	8.1843921698	2.6349704430	11.2142530785
2307	6.1542104017	4.8600484910	11.4990457304
2308	16.3013914311	12.2208031176	20.3982296428
2309	7.2970266483	6.9661257595	11.7644591118
2310	15.2468317957	20.3415455901	25.3165218046
2311	14.7847315175	11.7529615448	20.7938819262
2312	27.1574525875	5.3031632336	22.2457719001
2313	13.6030480323	5.5157121854	16.1644186261
2314	6.6145430951	5.4404309845	10.4651725409
2315	6.9480573571	6.8991809817	7.7212515530
2316	6.0050755608	6.0050755608	6.0050755608
2317	3.6590495328	3.6590495328	3.6590495328
2318	4.2355348946	4.2355348946	4.2355348946
2319	4.3972879767	4.3972879767	4.3972879767
2320	3.0338821324	3.0338821324	3.0338821324
2321	3.1735712598	3.1735712598	3.1735712598
2322	9.8028209550	5.7192361357	7.8386030661
2323	5.3438190421	5.3438190421	5.3438190421
2324	16.1213971663	15.7490294387	17.0383661476
2325	6.2812316209	4.1738991636	5.8629648630
2327	4.1096061770	3.4672506615	7.0739547525
2328	3.4979283460	3.3505005501	3.7127344927
2329	5.0844046649	4.2721926427	6.9949594719
2330	4.2276519386	5.5534080204	7.6071013912
2331	7.6006554332	3.1512512704	12.1982915959
2332	0.0000000000	0.0000000000	0.0000000000
2342	6.3871607478	7.0473249967	11.2981187355
2343	5.5142934065	5.2698398162	7.1425462495
2350	8.5393202847	7.9073669142	11.0502989427
2352	8.5895297562	8.8845521983	11.7089891684
2412	9.8073052302	11.1932303831	12.0056755244
2414	11.3112679307	11.4068438357	12.2049203922
2449	6.7187705712	6.2164743462	8.5475703241
2451	2.9156553489	3.8902479364	5.5430804496
2458	10.1380162552	7.5919137358	25.2015458790
2459	0.3268027931	0.3268027931	0.3268027931
2462	3.4562770547	4.2298884071	5.3284294212
2466	0.2955989929	0.2221620016	0.5837328088
2467	0.3979515440	0.5676737688	0.7462913525
2468	2.1420654947	1.2303765182	5.7445106730
2469	1.4438213917	4.6493749818	4.3782661197
2470	0.5993138071	0.5993138071	0.5993138071
2472	19.2984924114	11.6056037624	22.4489900831
2473	0.2556522577	0.2556522577	0.2556522577
2474	0.2730391013	0.2730391013	0.2730391013
2475	4.3339594594	3.0496261456	10.1290362609
2476	0.3297593884	0.3874207739	0.7811703996
2477	0.8927627758	0.4747807981	4.2082812254
2479	7.6423721236	9.7059862373	13.7731589479
2480	1.7115659740	2.7120800348	4.1825225901
2482	10.7281345519	5.2285468945	17.2236876166
2483	3.0862706485	2.4389869465	5.1190771659
2485	6.1746718426	1.1805633178	11.1194283393
2486	5.6908369991	1.4783945119	8.1138289622
2487	4.0748782705	1.4348795868	7.1433398761
2488	2.4849616886	0.4173258942	1.5603024271
2489	5.2835389747	4.3040131579	8.1526687832
2492	4.2662308727	1.3927018482	6.0529410317
2494	0.3299907234	0.3238063896	0.3782672932
2498	0.2658833336	0.2658833336	0.2658833336
2502	18.8520888048	9.1927104611	39.7303841262
2530	0.2451127299	0.2451127299	0.2451127299
2532	0.2772439595	0.2772439595	0.2772439595
2533	17.3405618435	20.2887495177	31.1869446042
2534	12.5163007054	7.3771631252	21.0310967230
2536	20.3285563948	2.4852779970	13.7153138680
2537	26.2081658123	12.1597672017	31.5948427233
2538	21.2150509772	13.2903437535	31.0704098062
2543	15.4910049491	6.4790672067	17.9765390895
2549	3.8112122332	3.7126758825	2.9704099648
2554	13.8468467031	8.4281811511	13.6591196960
2556	11.1528773603	13.0094520086	12.2433696865
2557	10.1089096567	5.3277254574	14.1858039734
2558	4.3444795523	2.9144950391	8.4345701899
2559	13.4565307064	6.8481662024	20.0818422584
2562	3.1245352845	1.4491564930	2.4668934408
2563	7.7664507189	6.3482139867	7.4933464599
2564	1.2921027307	0.7464590483	1.5718608404
2565	3.7302354340	2.5876928583	4.2265392877
2566	4.9305357022	3.8480623642	8.5152494238
2567	1.8366173754	0.7941935941	1.9030632772
2568	9.9286443745	10.2301558290	14.1596797938
2570	14.4484537547	5.7559488684	34.5772452407
2571	6.3314486347	4.7911761400	26.5439978353
2573	2.7356134186	1.3391047965	4.9313701993
2574	2.6794799232	3.3485124138	5.7586703978
2576	11.7957299644	7.6856599229	19.5986163331
2578	1.1375207140	0.6133101356	1.0545614568
2583	0.6982573765	0.4992081354	1.0081311028
2584	0.2347096280	0.2347096280	0.2347096280
2585	0.4931145552	0.3073239538	0.4799108072
2586	1.6940152595	0.6080674105	2.6349515847
2587	2.3835692753	2.7359845727	4.2251117848
2589	0.2379813966	0.2379813966	0.2379813966
2592	0.2419743301	0.2419743301	0.2419743301
2593	0.3677516256	0.3141989318	0.4567796473
2594	1.0890992066	0.6415813794	1.9173499072
2595	3.7266305740	2.7837540556	4.8269789453
2600	0.3122122655	0.3122122655	0.3122122655
2601	16.0004376774	10.9450365189	18.6120395202
2604	9.1336660904	9.0816493665	6.9839499774
2605	4.9531131473	4.9531131473	4.9531131473
2606	10.6305071743	10.7078555724	10.7483070292
2609	7.5060373206	6.4933856225	10.5235004474
2610	2.2267944755	2.1827985821	2.3016751764
2611	5.7150914644	7.5104342263	7.2004234388
2612	8.3496616262	8.7717232307	6.7618440615
2613	5.1262814071	2.0146690416	14.9417894572
2614	3.4971639080	4.2914203944	8.3452446490
2615	11.9663055090	12.1103343272	20.5201036487
2616	6.8709754263	7.1734116348	4.9744803790
2617	3.3469093549	3.3020317023	4.4626398448
2618	4.8002090784	4.7419334707	4.7839556622
2619	3.6918371647	3.3515314633	3.5941532282
2620	3.2837270821	3.2258509853	3.3152174585
2621	2.2735117668	2.2846094511	2.0823004257
2622	13.5918832502	13.7968226782	12.2520062663
2623	4.0336017398	3.9431487817	4.0815054979
2624	10.0295218092	10.5015733967	14.9381762908
2625	9.7000409305	6.7149209780	15.7342890841
2626	11.9553397896	9.6176017360	27.7328795474
2627	6.3491271901	5.0724638176	8.7215965662
2628	7.1499423451	5.8227928909	8.3767233864
2629	14.8076514286	16.5009948968	11.2041894382
2630	2.7610306766	2.7610306766	2.7610306766
2631	4.9836122248	4.9836122248	4.9836122248
2632	1.4555746420	1.4555746420	1.4555746420
2633	4.3412266830	4.3412266830	4.3412266830
2634	3.6876644895	3.6876644895	3.6876644895
2635	5.9959652211	5.9959652211	5.9959652211
2636	2.5664973015	2.5664973015	2.5664973015
2637	4.6883451282	4.6883451282	4.6883451282
2638	5.2799701404	4.9688984273	4.9151708112
2639	7.0158383979	6.9309460972	6.8416940285
2640	25.5475830260	22.9616897232	22.1276976181
2641	20.5297845134	20.1968221759	19.1021382980
2642	34.3538488466	32.9697699844	32.4240785774
2643	5.7910054306	5.6501799812	5.8939258800
2644	6.5035573058	6.5035573058	6.5035573058
2645	10.8028035924	7.7202837214	17.2106048721
2646	13.3166603028	12.4677525830	12.9679321493
2647	18.0235901181	16.9854642212	13.8205968229
2648	20.5214254694	8.6664500029	35.0669806469
2649	11.0882713531	8.1960146161	10.8920355053
2650	7.8997812910	2.5125262135	11.0958862536
2651	11.0872619279	11.4201261287	7.5522955558
2652	2.4680093534	2.5301274453	2.4566345016
2653	6.6408762820	3.1893474805	4.5823668872
2654	6.2983598782	2.4578221387	6.9848389297
2655	10.0868896777	10.0868896777	10.0868896777
2656	23.3782006990	27.7500702120	28.7866140332
2657	2.8100302402	2.7413884185	3.0216533481
2658	4.7979689259	4.2697967229	4.8763782701
2659	14.3574621257	9.1794105757	20.8141813547
2660	11.9470825133	9.4152451880	15.9331286527
2661	2.4034805630	2.0926343361	2.3537233286
2662	5.1824508161	1.8911006352	10.2526307560
2663	6.3204412581	6.9791472626	10.3743500598
2664	4.5224706015	4.5224706015	4.5224706015
2665	17.5606592318	17.5903898569	13.9555788280
2666	12.4750110230	14.2612607437	10.5055006751
2667	4.3637326927	4.3637326927	4.3637326927
2668	5.6674224960	5.2892020541	4.9161830469
2669	6.4024834209	6.3794546349	6.5236734849
2670	2.2311019347	2.2311019347	2.2311019347
2671	8.7933833952	6.9189592244	9.7166055508
2672	5.6372134258	7.1119413658	5.6038183621
2673	12.8421569527	12.6196896703	12.6745827770
2674	8.1478923977	8.1540670885	8.1627819945
2675	19.5531668120	21.0736081951	20.1507922503
2676	27.6327631616	28.8651141800	28.3446181931
2677	19.3387695232	20.3867085118	16.5751732168
2682	29.2926638311	28.8470145364	27.0471935163
2683	44.9267622444	31.8146871769	33.2832557890
2684	27.8294819779	27.3290022413	28.2127090029
2685	19.7018955835	19.4649672970	17.1616175680
2686	35.1172180069	31.9772557520	30.5264539857
2687	4.5914987978	4.5912490060	4.5914987978
2688	14.8169787535	14.7828874356	14.7846649129
2689	0.0485282632	0.0485282632	0.0485282632
2690	17.2118215445	16.3711225933	15.6218367046
2691	45.9909837720	44.3437285458	45.0859347135
2692	13.0395995593	13.6067493359	11.7207591838
2693	3.3692211934	3.3692211934	3.3692211934
2694	4.9378449623	4.6077435621	5.1864138452
2695	41.1610258359	39.8054072426	39.8340299500
2696	20.2636624685	19.5100254923	18.9556866783
2697	12.1415567579	11.4171578093	11.5734542447
2702	0.0000000000	0.0000000000	0.0000000000
2704	4.1923147152	4.2019868350	4.2104676335
2705	6.3773409935	6.4369217371	6.0978719764
2706	2.9043183854	2.8887771584	2.6327601865
2707	47.2913154864	41.5928986892	44.3308342926
2708	55.4268162915	47.0177392909	48.9846769012
2718	5.6209731776	5.6209731776	5.6209731776
2726	4.2478698449	3.1371994098	7.5849157111
2727	3.7864901589	4.7410458606	6.2200116786
2728	0.6882354067	0.6471989369	0.9494544485
2747	1.0453879168	0.5068863945	1.3454350502
2749	0.3950159618	0.3950159618	0.4019935068
2752	4.0945346197	4.1108132976	4.1558106512
2753	4.0888618883	4.0951619181	4.0560767393
2754	11.0399886808	11.3399170761	7.8504568585
2755	5.6797077765	4.9286730594	3.9562521804
2756	1.7125722566	0.9962086997	2.0711737932
2757	46.6658348338	48.3576630963	48.1399092872
2758	29.2043146909	28.4154321552	25.7122127416
2759	33.1557173708	34.7265326249	32.5331773326
2760	16.8551768967	15.5104367927	15.9730488080
2761	41.8873048625	47.0559028738	40.0932946509
2762	42.3831792463	40.3049066555	45.9186946995
2763	40.9625982015	44.3906869682	41.2078052104
2764	42.7859271402	47.4265871557	45.8146255201
2765	24.5543905501	24.8849376421	23.4286134818
2766	5.5155444142	6.9952267619	6.5195650849
2767	9.8009833008	10.3616830875	9.4672591392
2768	8.4385518861	8.4154853998	8.4706943866
2769	11.8418939782	11.8218958793	11.7146935078
2770	20.0862333980	22.5688469470	20.9361857239
2771	25.2163559885	26.0689280704	22.8186312896
2772	36.3411193207	36.5888947736	33.9894506464
2773	39.5356717809	38.6773331203	28.4360476612
2774	9.6773753538	9.4439265732	8.4674237710
2775	37.1123986190	35.6009746652	28.4228251770
2776	43.1256410817	47.8631331381	40.9358057484
2778	35.1302707627	37.6061114033	32.6794269431
2779	46.6519802781	45.9508229570	44.0924620736
2780	19.7531310918	21.5713706013	14.2161061429
2781	11.1597645327	10.7336614364	10.8477249355
2782	6.2049646472	6.1638663022	6.2350268184
2783	10.6809887259	10.5867939285	10.6840000856
2784	5.4292201676	5.4906918211	5.4157299715
2785	15.9620878278	16.4918529368	14.6183924924
2786	37.2179827679	35.6083957773	33.7926561325
2787	23.7951875613	22.9488345857	19.3074430027
2788	43.1253966236	44.9847368428	44.1687895795
2789	45.1736760293	44.1491087184	41.0329632235
2790	36.9113804066	37.9197411332	35.2984228961
2791	26.3844222297	26.8791498906	24.3090910960
2792	25.8919054954	26.4461080752	25.3848338615
2793	39.2776874009	37.0303268858	32.6139130943
2794	34.7186884536	35.7048838556	28.9072942331
2795	41.9266116118	40.0311574395	34.0222861075
2796	14.8804072993	14.9471391614	14.9471391614
2797	9.5097725450	9.5040440871	9.5224569873
2798	31.4432244507	28.0848984525	29.2311123729
2799	15.1970167177	14.0179295554	14.2608966326
2800	17.3643390816	16.4577141670	13.5938931949
2801	37.2648863814	36.0144171283	34.4383464629
2802	30.5580874449	27.3169677918	26.1241609573
2803	37.6447668742	36.0212398440	24.1311916975
2805	27.7976310875	26.0850010344	26.9503968239
2807	43.6969541650	42.7329358810	42.4327982870
2808	27.9201008673	31.3644601420	26.7000476669
2809	34.0897205178	32.3953906735	32.5890532250
2810	45.3394466408	42.8065191429	44.6639021295
2811	45.9624406284	43.0358641728	39.5753442590
2812	48.7826299612	38.3658239729	43.8832399594
2813	43.3991711183	42.1677518750	44.2738514867
2814	46.7720259058	45.1584469451	49.3070296310
2816	60.3893518042	61.7662122430	61.2670245245
2823	46.9568361022	38.4928542382	47.1714687999
2824	22.8578199416	17.5585026565	36.1960585406
2827	45.6786636879	37.7757491249	42.3680494275
2830	29.9295465490	24.9701449523	35.8260758217
2833	40.4352023010	37.5990068328	43.5628585513
2835	36.0132198747	38.3117363803	38.9597706597
2838	38.1640178645	45.7218495533	42.8226010053
2839	21.8612433084	21.7195577754	24.0890469717
2844	64.8302854413	64.6894602031	64.3230575485
2845	35.2015345607	39.2778609527	31.1596077806
2846	47.2999337304	53.7212291512	45.0326381289
2847	46.3811899301	45.6135260860	43.2469184013
2849	43.2339013228	40.6575002528	31.2501135243
2850	40.5887961761	41.1888563198	40.9339091653
2852	59.8748793806	61.4581290601	62.1611258258
2853	34.7795161054	34.9639044360	34.2673966142
2854	48.9440195356	49.8283944647	51.1745830123
2855	42.8563585891	51.0558631485	41.3597353165
2856	44.5616756195	46.0939654462	40.0854885493
2859	49.0734909868	49.3365015643	52.0211840778
2860	46.5734729330	47.3056320067	43.8280498804
2861	24.0376472344	25.9330596646	23.0158198968
2869	42.9321787529	39.3962436614	41.1902001783
2872	37.3810805258	37.3365953290	16.9764868539
2873	38.0999764558	27.8257749814	15.1967140942
2874	28.6190247889	19.6842191526	12.7661971850
2875	36.9670866273	30.2626851959	32.5183407962
2876	22.2153881532	18.5758261773	10.4897666682
2877	28.4866364824	26.4512452633	16.8280014361
2879	30.6156932816	31.7956533519	27.0415694803
2880	37.3376510143	38.9275196555	31.5701687560
2881	32.8624422003	26.5258924721	22.2042223994
2882	29.2362559601	27.5706523152	15.2354014737
2884	13.0705259394	7.0009958044	18.8365126423
2902	14.3531258066	12.4288632928	17.1512707145
2903	16.4085355450	17.5526833448	18.5448348481
2904	5.1988839289	5.0810502788	5.1980783853
2910	3.1961227899	0.7932417473	3.9580463842
2911	13.3509754499	10.9214472252	20.9147191216
2912	5.5733588420	5.0028558283	9.5773716660
2914	8.0131611067	6.5527069536	15.3634332470
2915	4.5526514696	4.4405765310	4.0401647706
2916	20.4106831462	18.0095555132	12.5727058712
2917	23.2822204447	23.5297354664	20.4043101086
2918	8.1294919379	8.8036725784	8.3170560059
2919	50.1990824315	50.3422729572	50.0396464672
2920	38.4504285722	40.5825172326	36.7360593978
2922	60.3918801789	62.0822103436	61.7451368639
2923	61.5765725266	61.2935348137	60.9035692010
2924	55.7360264880	54.1047309381	52.1827445949
2925	49.7162048450	49.7794269041	47.7200254189
2926	50.4397173094	50.7505640067	46.7759436064
2927	50.4199615508	45.7515701035	39.5934385479
2928	29.8919854669	25.2101228196	21.6851983174
2929	39.2107863413	35.5425751425	38.1991448232
2930	52.1825061600	53.8214136181	50.5455872515
2931	31.5724031014	32.0295738674	29.8515878135
2932	32.8067501160	28.5104700873	34.7942406453
2933	27.5589256288	25.1161333350	24.9542116064
2934	45.1140156821	45.6776175341	42.1139343641
2935	52.9509976984	51.2095663654	51.1157182163
2936	19.9651971969	17.1886416238	15.3274152671
2937	34.8350279142	28.0508622700	28.6189193788
2938	9.9543377306	9.8247282838	10.2298676495
2939	29.9984853042	26.7848161013	23.2382728612
2940	3.4592929137	3.4779195087	3.5713357790
2941	10.3598583909	10.3598583909	10.3598583909
2942	13.8251513468	14.0539842971	14.0791268970
2943	9.6774131865	9.5400978063	10.7761177067
2944	29.9207019661	29.6426079676	25.8678709812
2945	24.2589834764	20.7494323629	22.4163484983
2946	7.9688742847	7.3834349338	3.1663462724
2947	6.3288445507	6.4203041835	4.8710192089
2948	19.8750025469	18.7023125354	17.2092825210
2949	40.0847966210	37.7888055056	32.8187801410
2950	46.2390802421	46.3712006339	44.7249470838
2951	48.5664074439	47.4712348090	45.6987891170
2952	51.7965283094	51.9249733457	51.7366143297
2953	34.2004769371	30.2904763457	37.7827960012
2955	48.3264017863	45.2838612258	46.3318446103
2957	51.8269546250	50.0629325672	49.3777337666
2958	46.4691803507	46.2796427309	48.9031087905
2961	51.3651905599	49.8491590101	52.8881744224
2962	47.2207574447	29.2877178731	38.6886769076
2963	42.6254838695	43.5868621699	53.2674261266
2964	40.4034404880	33.0150948066	44.7774354672
2965	42.9791492468	28.9405594679	46.9367784145
2970	40.6166077611	38.0923606600	42.3687419465
2974	25.4131561130	24.3934761175	28.1123183047