Model.catch	axis1	axis2
Des Moines	-0.04132	-0.9382
Fauntleroy	-0.0261	-0.85902
Fortson	-0.1251	-0.57962
Longfellow	-0.07797	-0.98107
Pipers	-0.0905	-0.97633
Thornton	-0.13413	-1.00513
9	0.01918	-0.11285
10	-0.02645	1.75104
14	-0.02618	1.75105
17	-0.02656	1.75104
20	-0.0264	1.75105
22	-0.02671	1.75104
24	-0.05649	-0.54723
25	-0.33387	-0.2973
31	0.14115	-0.58024
33	0.01828	-0.47251
37	0.02348	-0.54941
42	0.02314	-0.30161
45	-0.11314	-0.54171
48	0.14594	-0.60811
49	0.02024	-0.36683
51	-0.14981	-0.50238
52	0.17705	-0.46882
54	-0.02618	1.75105
55	0.01869	-0.48648
56	0.02367	-0.31335
57	0.15983	-0.51595
58	0.02173	-0.28734
59	0.02093	-0.52236
61	-0.02633	1.75104
63	0.1355	-0.57224
64	0.02366	-0.55118
65	0.02058	-0.37561
67	0.0189	-0.44863
68	0.02095	-0.52285
69	0.01911	-0.43879
70	0.02305	-0.3021
71	-0.0846	-0.5574
72	0.02602	-0.57336
73	0.15989	-0.52594
74	0.01869	-0.46009
75	0.00992	-0.02131
76	0.01848	-0.44366
77	0.15506	-0.56687
80	0.02247	-0.25362
81	-0.02639	1.75104
83	-0.18635	-0.4332
84	0.02124	-0.52645
85	0.01919	-0.39321
86	0.02291	-0.19225
87	-0.09579	-0.61925
88	-0.10047	-0.6061
89	-0.16486	-0.59487
90	-0.02616	1.75105
92	0.01979	-0.42619
93	0.08939	-0.5567
94	0.168	-0.56404
95	-0.02652	1.75105
99	-0.07049	-0.63427
100	0.20131	-0.54699
101	0.17746	-0.56156
102	0.21436	-0.69212
103	1.66384	0.10154
104	-0.0263	1.75105
105	-0.17966	-0.5561
106	-0.02658	1.75104
107	-0.19593	-0.5858
108	-0.02609	1.75105
109	0.1684	-0.58886
110	0.08975	-0.59212
111	-0.02659	1.75105
113	0.10343	-0.60685
114	-0.02675	1.75104
118	-1.63695	0.12231
119	0.02012	-0.50882
120	0.18189	-0.59327
122	0.10959	-0.50163
123	-0.12385	-0.4725
125	0.01991	-0.42551
126	0.12988	-0.53646
127	-0.14012	-0.64159
128	0.01883	-0.40618
129	-0.13129	-0.71801
130	-0.14736	-0.48714
131	-0.11705	-0.61704
132	0.01866	-0.48689
134	0.01897	-0.4526
135	0.01857	-0.46052
136	-0.09058	-0.61775
137	0.2323	-0.50686
140	-0.02615	1.75104
141	0.01949	-0.41281
142	-0.02639	1.75105
144	-0.07766	-0.53947
145	-0.19874	-0.57117
146	0.01906	-0.49375
147	0.02016	-0.51056
148	0.01841	-0.46801
149	0.00752	0.03565
150	-0.13455	-0.64974
151	-0.09182	-0.57128
152	-0.08693	-0.55456
154	-0.02679	1.75104
157	0.01902	-0.49185
158	0.01908	-0.49242
160	0.01956	-0.39123
161	-0.07909	-0.59497
162	-0.06475	-0.62068
163	0.01833	-0.47202
164	0.02027	-0.35503
165	-0.21003	-0.52931
166	0.01842	-0.47071
167	0.02611	-0.57396
168	0.01949	-0.41025
171	0.02031	-0.36056
172	0.17304	-0.56368
173	-0.09858	-0.75715
174	0.10335	-0.38493
175	0.14198	-0.26201
176	0.02315	-0.22043
177	0.02102	-0.52422
178	0.01912	-0.43887
179	0.01873	-0.43317
180	0.02014	-0.50999
181	0.0185	-0.4659
182	0.03145	-0.60371
183	0.02484	-0.56177
184	0.13656	-0.58451
185	0.01877	-0.42071
186	0.01872	-0.1075
187	0.01908	-0.4914
188	0.02079	-0.51893
191	0.02002	-0.37849
192	0.0224	-0.31854
193	0.02298	-0.30232
194	-0.02647	1.75104
195	0.16695	-0.59657
196	0.00607	0.0964
197	-0.05435	-0.66866
198	0.01857	-0.44286
199	-0.02646	1.75105
200	0.01869	-0.48648
201	0.01864	-0.4876
202	0.14739	-0.60816
203	-0.02624	1.75105
204	0.02087	-0.34978
205	0.02311	-0.33681
207	0.01889	-0.40521
208	0.0262	-0.26999
210	0.29556	-0.53527
211	0.02275	-0.54015
212	0.01841	-0.46797
213	0.01905	-0.45239
214	0.02245	-0.30507
215	-0.16292	-0.54543
216	0.03826	-0.62975
217	0.02019	-0.50933
218	0.02052	-0.35882
220	0.02013	-0.51096
222	0.21032	-0.45797
223	0.17785	-0.73708
224	-0.15317	-0.55291
225	0.25669	-0.52184
226	0.02588	-0.57243
227	-0.22581	-0.48691
228	0.04893	-0.65641
229	0.02156	-0.32589
230	0.02109	-0.38466
231	0.02004	-0.50583
232	0.02288	-0.25735
234	0.02582	-0.27128
235	0.01887	-0.40155
237	-0.0263	1.75104
238	0.02511	-0.56448
239	0.01875	-0.4828
240	0.01968	-0.42655
241	0.01845	-0.46757
244	0.10937	-0.57078
245	0.21037	-0.52992
246	0.13311	-0.51527
248	-0.02632	1.75104
249	0.0248	-0.56144
250	0.33183	-0.57014
251	0.01907	-0.49247
253	0.03877	-0.63266
254	-0.02613	1.75104
255	0.02034	-0.13218
256	0.02722	-0.58267
257	0.01991	-0.50203
258	0.02305	-0.21772
259	0.0199	-0.42579
260	0.01021	-0.03052
261	0.03397	-0.61731
262	0.02285	-0.24401
263	0.02079	-0.38691
264	0.14911	-0.53241
265	0.02795	-0.58685
266	0.02027	-0.37713
267	0.01809	-0.4736
269	0.02479	-0.56133
271	0.2546	-0.56744
273	-0.02663	1.75104
275	0.01895	-0.45264
276	0.02239	-0.53692
277	0.02266	-0.53892
278	0.01844	-0.46694
279	0.02275	-0.25186
280	0.02071	-0.51625
281	0.02015	-0.50913
282	0.01837	-0.46821
283	0.01887	-0.40145
284	0.01881	-0.44764
285	0.17447	-0.58375
286	0.23229	-0.58139
287	0.03154	-0.60415
288	0.02001	-0.50666
289	-0.02672	1.75104
290	0.14761	-0.65281
291	0.02522	-0.56577
292	-0.02634	1.75104
295	-0.12762	-0.61923
296	0.00769	0.03263
298	0.02217	-0.31939
299	0.02492	-0.56202
300	0.15602	-0.63146
301	0.17532	-0.60638
303	0.02824	-0.58802
304	-0.04773	-0.69842
305	-0.02618	1.75104
306	0.16995	-0.52261
308	0.01806	-0.47627
310	0.01884	-0.45329
311	0.02264	-0.28389
312	-0.11646	-0.44493
313	-0.08693	-0.4452
314	0.04345	-0.64495
315	0.02488	-0.56184
316	0.02179	-0.16003
317	0.00435	0.11886
319	-0.07386	-0.50235
321	0.01883	-0.45874
323	0.24663	-0.62996
324	-0.02613	1.75104
325	-0.1469	-0.55255
328	0.21489	-0.55961
329	0.09445	-0.60942
331	0.14093	-0.57665
332	0.02289	-0.24634
333	0.02189	-0.29426
334	-0.02656	1.75105
336	0.01874	-0.48435
337	0.14379	-0.62947
338	-0.02664	1.75105
339	0.02349	-0.54906
342	-0.02615	1.75105
343	0.17242	-0.47864
344	0.01865	-0.1001
345	0.18521	-0.52348
346	-0.02676	1.75104
347	0.07237	-0.54239
353	0.11853	-0.6216
354	0.02684	-0.57952
355	0.02362	-0.21371
356	0.25569	-0.54632
357	-0.02666	1.75104
358	1.9347	0.4737
361	-0.42716	-0.41383
364	0.02241	-0.17279
365	0.02469	-0.56013
366	0.02292	-0.54247
367	0.01996	-0.36835
368	0.17613	-0.61614
369	0.01904	-0.49397
370	-0.02608	1.75105
372	0.02547	-0.56808
373	-0.143	-0.42558
374	0.01833	-0.4714
375	0.02062	-0.37584
376	0.15023	-0.63356
377	0.02321	-0.26011
378	0.01983	-0.12031
379	0.02884	-0.59296
380	0.02823	-0.58809
381	0.13668	-0.57031
382	0.02338	-0.31399
383	0.01956	-0.39123
385	0.02009	-0.50887
387	0.20847	-0.60003
390	0.13567	-0.59629
393	0.01819	-0.47324
394	0.01903	-0.4383
395	0.02668	-0.57821
397	-0.10713	-0.50921
399	-0.13156	-0.517
400	0.01921	-0.39288
403	0.0081	-0.00088
404	0.02114	-0.3845
405	0.02473	-0.56041
406	0.01865	-0.46031
410	0.01863	-0.48195
411	0.01886	-0.44965
412	0.01884	-0.41978
413	0.01998	-0.50498
415	-0.11019	-0.57096
416	0.01911	-0.78851
417	0.02085	-0.52171
418	0.02635	-0.57543
419	0.14422	-0.54678
421	0.02305	-0.23114
423	-0.02622	1.75104
424	0.02079	-0.37462
425	0.02001	-0.50572
426	0.02141	-0.52824
427	0.02007	-0.50841
429	0.02574	-0.20693
430	0.1622	-0.58917
432	0.02306	-0.24055
433	-0.02634	1.75104
434	0.01944	-0.40917
436	0.01878	-0.48264
438	-0.02675	1.75104
439	0.01949	-0.41239
442	0.30765	-0.49424
445	0.01836	-0.47124
447	-0.02643	1.75104
449	0.01867	-0.43407
450	0.02378	-0.55224
451	0.18358	-0.50989
456	-0.02657	1.75105
457	0.01843	-0.47041
458	0.01874	-0.40273
459	0.0188	-0.459
460	0.21841	-0.5442
461	0.01908	-0.39902
463	-0.10451	-0.63821
464	0.33893	-0.5136
465	0.02141	-0.52794
466	0.01841	-0.46707
468	0.02061	-0.35051
469	0.01865	-0.44194
470	0.02689	-0.26787
471	0.21755	-0.55848
474	-0.18935	-0.63214
475	0.02525	-0.56604
476	0.18566	-0.61173
478	0.02091	-0.52207
479	0.02602	-0.5734
480	0.0194	-0.41097
481	0.01863	-0.48747
482	0.02128	-0.34391
483	0.01834	-0.47139
484	-0.02679	1.75104
485	0.02274	-0.5402
487	-0.01243	-0.65061
488	0.01938	-0.428
489	0.02586	-0.27111
490	0.01996	-0.50259
492	0.02231	-0.319
493	0.02317	-0.23954
495	0.06006	-0.58989
498	0.02417	-0.55603
500	0.02026	-0.36664
501	0.019	-0.39955
502	0.01822	-0.44444
503	0.16798	-0.60026
506	0.1861	-0.70304
507	-0.00207	-0.72897
508	0.02113	-0.52533
509	0.1357	-0.61493
510	0.02025	-0.3635
511	0.02363	-0.27889
512	0.19747	-0.58267
517	0.0249	-0.56256
518	0.02115	-0.38578
519	0.02285	-0.54166
520	0.01881	-0.45486
521	0.17014	-0.66747
523	0.02318	-0.24894
524	0.0533	-0.66994
527	0.00602	0.09182
528	0.01876	-0.48443
529	0.02167	-0.52945
531	0.16144	-0.78255
532	0.05468	-0.67155
533	0.02651	-0.57676
534	0.03614	-0.62396
535	0.0193	-0.41773
536	0.02333	-0.54791
537	0.02368	-0.17935
539	0.02375	-0.55204
540	0.02881	-0.59317
541	0.02014	-0.38891
543	0.01806	-0.47507
544	0.02351	-0.5492
545	0.0065	0.08078
546	0.02309	-0.26124
547	0.02134	-0.32824
548	0.02007	-0.38949
550	0.09855	-0.59873
552	0.02076	-0.34996
553	0.01944	-0.40901
554	0.02402	-0.27717
555	0.0188	-0.48387
556	0.01949	-0.4128
557	0.01996	-0.38979
560	0.14123	-0.57741
561	0.10446	-0.60106
562	0.02698	-0.20161
563	0.01881	-0.45898
564	0.02548	-0.20645
568	0.04997	-0.65793
569	0.11193	-0.66155
570	0.02388	-0.553
571	0.03749	-0.62772
572	-0.0262	1.75105
573	0.01871	-0.44171
575	0.01905	-0.39938
579	-0.22695	-0.46349
580	0.01884	-0.41979
583	0.15443	-0.66545
584	0.02013	-0.38894
585	0.01844	-0.46612
586	0.03176	-0.6046
587	0.11132	-0.53626
588	-0.02665	1.75103
590	0.01834	-0.46231
591	0.00752	0.04028
592	-0.02634	1.75105
593	0.02587	-0.57223
595	0.00397	-0.69958
596	0.02283	-0.18722
597	0.21568	-0.52637
598	0.20948	-0.69267
600	-0.02631	1.75105
601	0.01864	-0.42157
602	-0.0261	1.75105
603	0.11776	-0.61362
604	0.01807	-0.47394
605	0.02106	-0.34876
606	0.12561	-0.64447
607	0.02128	-0.52691
608	-0.0264	1.75104
609	0.01879	-0.1012
610	0.03484	-0.62014
611	-0.02657	1.75104
612	-0.09071	-0.64242
613	-0.0266	1.75104
614	0.02157	-0.37173
615	0.02057	-0.3754
617	0.01856	-0.46478
618	0.02105	-0.37396
619	0.03349	-0.61591
621	0.02151	-0.34198
622	0.0189	-0.40535
623	0.13443	-0.61162
624	0.02295	-0.54196
625	-0.0265	1.75105
627	0.02079	-0.14307
628	0.01887	-0.45837
629	-0.02621	1.75105
630	0.0221	-0.286
631	-0.02646	1.75104
632	0.04265	-0.64344
634	-0.02664	1.75104
635	0.01954	-0.4154
636	0.01955	-0.11633
637	0.01828	-0.4728
638	0.02	-0.50515
639	-0.02674	1.75104
640	-0.02622	1.75105
641	0.01877	-0.42089
642	-0.02678	1.75104
643	0.14161	-0.64538
644	-0.02659	1.75104
645	0.02516	-0.56482
646	0.02028	-0.36274
647	0.02045	-0.37683
648	-0.03569	-0.62222
649	0.01863	-0.48175
650	-0.04848	-0.654
651	-0.02666	1.75103
653	-0.02613	1.75105
654	0.01873	-0.45398
656	0.01878	-0.48458
657	-0.02645	1.75104
658	0.02112	-0.3848
659	0.17701	-0.59579
660	0.01887	-0.40495
662	-0.02647	1.75105
663	-0.02645	1.75104
664	-0.02629	1.75105
665	-0.09779	-0.61034
667	0.02323	-0.54599
668	0.02017	-0.50915
669	0.01929	-0.39218
670	0.01931	-0.39736
671	0.01878	-0.48382
672	0.02323	-0.28075
673	0.29599	-0.5375
674	-0.02607	1.75105
676	0.00769	0.03068
677	-0.02625	1.75105
678	0.01925	-0.39447
680	-0.02647	1.75105
681	0.02405	-0.55486
682	0.0188	-0.44116
683	0.0185	-0.46579
684	0.02958	-0.59635
685	0.02309	-0.28128
686	0.01888	-0.40511
687	0.10704	-0.55948
689	-0.02624	0.27366
690	-0.0265	1.75104
692	-0.02645	1.75105
693	0.02681	-0.57919
696	0.02517	-0.5648
697	0.02765	-0.58514
698	-0.02624	1.75104
699	0.02272	-0.1895
700	0.02494	-0.56215
701	0.03477	-0.61995
702	0.02882	-0.5933
704	0.15608	-0.59276
705	0.02721	-0.5825
706	0.02075	-0.51682
707	0.01864	-0.48179
709	-0.13048	-0.66409
711	-0.17364	-0.79423
712	0.00758	0.04503
713	-0.02647	1.75104
714	0.02064	-0.37577
715	0.09142	-0.87301
716	0.02502	-0.56399
717	0.03055	-0.60025
718	0.02588	-0.57222
719	0.02295	-0.33724
720	0.02155	-0.28839
721	-0.02651	1.75104
722	0.02748	-0.58467
723	0.03078	-0.60162
724	0.01944	-0.40914
726	0.0186	-0.43487
727	0.01943	-0.41416
728	0.02025	-0.36681
729	0.02212	-0.53338
730	0.0193	-0.4165
731	0.02008	-0.38905
733	0.02151	-0.52871
734	-0.02628	1.75105
735	0.02162	-0.32128
736	-0.09018	-0.76153
737	0.01862	-0.46455
739	-0.02643	1.75104
740	0.01898	-0.43987
741	0.00761	0.04517
742	0.02706	-0.20117
743	-0.02611	1.75105
744	0.00187	0.12623
745	0.02268	-0.53921
747	-0.02641	1.75104
748	0.09007	-0.84674
752	0.01891	-0.4319
753	-0.02653	1.75105
754	0.02198	-0.53203
755	0.02085	-0.52152
756	0.04244	-0.69852
757	-0.0267	1.75104
758	0.02199	-0.28634
759	0.02303	-0.21645
761	0.30687	-0.46741
762	0.03434	-0.61868
763	-0.0261	1.75105
764	0.02224	-0.31888
766	-0.02643	1.75104
767	-0.02612	1.75105
768	0.02272	-0.53962
769	0.02671	-0.57869
770	0.02212	-0.53362
771	0.01844	-0.46699
772	0.02015	-0.50961
773	-0.02608	1.75105
774	0.00392	0.10676
775	-0.00705	0.2002
776	0.0827	-0.82881
779	0.01886	-0.44067
780	-0.13895	-0.7101
781	-0.02648	1.75104
782	0.30986	-0.58529
784	-0.23355	-0.37593
786	-0.02628	1.75105
787	-0.02646	1.75104
788	0.01903	-0.41904
791	-0.02635	1.75105
792	0.02274	-0.25191
793	0.01038	-0.03805
794	0.02096	-0.32415
795	-0.02607	1.75105
796	0.08049	-0.82726
797	0.02073	-0.51518
801	-0.0266	1.75104
802	0.0315	-0.62415
804	0.02338	-0.64219
805	-0.11324	-0.71473
806	0.02195	-0.53221
808	0.01818	-0.47322
809	0.02162	-0.34164
812	0.02451	-0.27606
813	0.02264	-0.25251
814	-0.03995	-0.86297
815	0.02731	-0.20035
816	0.01998	-0.50302
817	0.02101	-0.52321
818	0.02279	-0.54116
819	-0.00229	0.13398
821	0.00788	0.01969
822	0.09688	-0.54626
824	0.01885	-0.4531
825	-0.17759	-0.82791
826	-0.09739	-0.62435
827	-0.02657	1.75104
830	-0.02635	1.75104
831	0.01907	-0.49385
832	0.01899	-0.4311
833	0.02369	-0.31333
834	-0.07077	-0.54483
835	0.01852	-0.46565
836	0.02132	-0.37305
837	0.01866	-0.48641
838	-0.14193	-0.74205
839	0.019	-0.45808
841	-0.02669	1.75104
842	0.01807	-0.47406
843	0.02244	-0.30539
845	0.02227	-0.17055
846	-0.1205	-0.97394
847	0.01949	-0.39672
848	0.09783	-0.55887
850	0.00774	0.02234
851	0.02251	-0.2534
852	0.03245	-0.6072
853	0.01906	-0.49372
854	-0.0266	1.75105
855	0.01948	-0.41007
856	0.0229	-0.28234
857	-0.07363	-0.85038
858	0.01843	-0.43567
859	0.01951	-0.41216
860	-0.02623	1.75105
861	0.01873	-0.4833
863	0.02307	-0.33702
864	0.02087	-0.52019
865	-0.1211	-0.79641
866	-0.02672	1.75104
867	0.02392	-0.55357
868	-0.07149	-0.62
869	0.02026	-0.1318
870	0.02051	-0.37621
871	0.02733	-0.58343
872	0.02185	-0.53086
873	0.02011	-0.50891
874	-0.04926	-0.64011
875	-0.0265	1.75105
876	-0.103	-0.98763
877	0.02087	-0.52066
878	0.01999	-0.37866
879	-0.09066	-0.67644
880	-0.02647	1.75104
881	-0.02662	1.75104
882	0.02014	-0.50963
883	0.02273	-0.53972
885	0.0327	-0.60814
886	0.02139	-0.38301
887	-0.07988	-0.5976
894	0.02277	-0.18947
895	0.02147	-0.32792
896	0.02118	-0.52553
898	-0.02627	1.75105
899	0.16543	-0.58846
900	0.01961	-0.39093
901	-0.02628	1.75104
902	-0.16025	-0.84336
904	-0.02642	1.75104
905	-0.02613	1.75104
906	0.02641	-0.20221
908	0.13319	-0.52159
909	0.02584	-0.27143
910	0.0211	-0.34432
911	0.02316	-0.3018
912	0.02575	-0.27179
913	0.01912	-0.39881
914	0.0187	-0.48559
915	0.02134	-0.38316
916	-0.00421	0.16143
917	-0.02661	1.75103
918	-0.10123	-0.76343
919	0.11109	-0.48392
920	0.02002	-0.50777
921	-0.09229	-0.78942
922	-0.02634	1.75104
923	0.01808	-0.47371
924	0.02009	-0.50897
925	0.01986	-0.12085
926	-0.02646	1.75105
927	0.02077	-0.37469
928	-0.13988	-0.95145
929	-0.02675	1.75104
930	0.02441	-0.21042
931	-0.02643	1.75104
933	0.17917	-0.53843
934	-0.02678	1.75104
935	0.02171	-0.2873
936	-0.02634	1.75105
937	0.02229	-0.16635
939	-0.02622	1.75104
940	0.0188	-0.45013
941	0.01905	-0.45231
942	-0.11383	-0.84025
943	-0.02662	1.75104
944	0.0231	-0.23683
945	0.02085	-0.51984
946	-0.02625	1.75105
947	0.0099	-0.01683
948	0.01929	-0.42875
949	-0.12062	-0.63723
950	-0.0952	-0.6577
951	0.02304	-0.24576
952	0.01861	-0.43489
954	-0.02651	1.75104
955	0.02372	-0.55182
956	0.0545	-0.67133
957	-0.09122	-0.79015
958	0.01802	-0.47424
960	0.02385	-0.55269
961	0.02333	-0.33604
962	0.01851	-0.46579
963	-0.09883	-0.69414
964	-0.08353	-0.84603
965	0.02173	-0.34129
966	0.02218	-0.53507
967	0.02213	-0.30653
969	-0.08173	-0.69525
970	-0.08155	-0.56306
971	0.02319	-0.23458
972	-0.02609	1.75105
973	0.0184	-0.4685
974	-0.16028	-0.60853
975	-0.02671	1.75104
976	0.0231	-0.2612
977	0.08097	-0.56412
978	0.16991	-0.58248
979	0.02391	-0.27748
981	-0.03658	-0.74886
982	-0.04379	-0.7824
984	-0.02642	1.75104
985	0.0308	-0.60174
986	-0.09346	-0.79523
987	-0.21118	-0.56737
988	0.02222	-0.33929
989	0.01994	-0.50307
990	0.01914	-0.39351
992	0.02177	-0.15888
994	0.02043	-0.13244
995	0.02243	-0.17111
997	-0.02637	1.75105
998	-0.08518	-0.68635
1000	-0.02673	1.75104
1002	0.02369	-0.27877
1005	-0.02624	1.75104
1008	0.03631	-0.6244
1009	0.02471	-0.27538
1012	-0.0268	1.75104
1014	0.0202	-0.36731
1016	0.0234	-0.30041
1017	0.02685	-0.57971
1018	0.01875	-0.4506
1019	0.01858	-0.46523
1020	0.01805	-0.47421
1024	0.01992	-0.50322
1025	-0.06861	-0.75782
1027	0.01975	-0.39058
1028	0.14793	-0.60001
1029	-0.02678	1.75104
1030	0.02607	-0.57379
1032	-0.02674	1.75104
1033	0.03073	-0.60125
1035	0.27132	-0.84401
1037	0.02323	-0.22423
1038	-0.02666	1.75104
1041	-0.02642	1.75105
1042	0.01994	-0.50172
1043	0.03571	-0.6227
1044	0.02357	-0.55026
1045	0.01031	-0.03855
1047	0.02205	-0.53291
1048	0.02143	-0.52808
1049	0.01975	-0.39056
1052	-0.02643	1.75105
1053	0.21696	-0.88272
1055	-2.16911	0.72404
1056	-0.02677	1.75104
1058	0.16188	-0.66978
1059	-0.02628	1.75105
1060	-0.02623	1.75105
1061	0.35341	-0.50839
1062	0.02301	-0.24124
1065	-0.02638	1.75105
1066	0.023	-0.24967
1068	-0.02633	1.75104
1069	-0.02669	1.75104
1070	0.01799	-0.81814
1073	-0.02657	1.75103
1074	0.01849	-0.46587
1075	-0.02642	1.75105
1076	-0.08487	-0.71909
1077	0.02001	-0.37852
1078	-0.03303	0.2792
1079	-0.02639	1.75104
1081	-0.02633	1.75104
1082	-0.02651	1.75104
1083	0.07746	-0.93185
1085	-0.06563	-0.56873
1086	-0.09363	-0.85456
1088	-0.02632	1.75104
1090	-0.02644	1.75104
1092	-0.14909	-0.71432
1093	0.01951	-0.41051
1094	0.02064	-0.37512
1095	-0.02648	1.75104
1097	-0.21084	-0.59485
1100	0.0223	-0.31874
1101	-0.02654	1.75104
1102	0.02197	-0.29263
1103	0.02344	-0.18004
1104	0.02354	-0.27928
1105	0.02385	-0.55281
1106	-0.06106	-0.97666
1107	0.01948	-0.41326
1108	-0.02626	1.75104
1109	0.00775	0.02694
1110	-0.11842	-0.992
1111	0.02235	-0.31865
1112	-0.0267	1.75103
1113	-0.02616	1.75105
1115	0.02268	-0.87106
1116	0.02119	-0.52556
1117	-0.02614	1.75105
1119	-0.02615	1.73236
1120	-0.17416	-0.37807
1121	0.02305	-0.33702
1123	-0.26825	-0.8481
1124	-0.04188	-0.73031
1125	0.02071	-0.51495
1126	0.02242	-0.25389
1127	0.02633	-0.26957
1128	-0.07988	-0.76257
1129	0.02068	-0.51782
1133	0.0229	-0.33732
1134	0.03446	-0.61907
1136	0.13886	-0.60521
1137	0.0059	0.09181
1138	-0.02673	1.75104
1139	0.01879	-0.48306
1140	0.02288	-0.25763
1142	0.01887	-0.44071
1143	-0.02665	1.75104
1144	0.02313	-0.22808
1145	0.01866	-0.48603
1146	-0.0263	1.75105
1148	0.00732	0.05565
1149	-0.02622	1.75105
1152	-0.07514	-1.07004
1153	-0.00372	-0.98063
1154	0.02551	-0.56804
1155	0.02047	-0.35978
1156	0.02197	-0.34049
1157	0.02651	-0.20225
1158	-0.03233	-0.65746
1163	0.10049	-0.7896
1164	-0.17412	-0.49749
1165	-0.09137	-0.64354
1171	0.09377	-0.7465
1172	0.19832	-0.58319
1173	0.02077	-0.37465
1174	-0.05342	-0.88778
1175	0.02442	-0.27632
1176	0.09224	-0.8596
1177	-0.02658	1.75104
1178	0.02094	-0.37424
1181	-0.12221	-0.79982
1182	-0.02614	1.75105
1184	0.01873	-0.43358
1185	0.019	-0.494
1186	0.023	-0.18773
1187	-0.02607	1.75105
1188	-0.02664	1.75103
1189	0.19365	-0.64461
1190	0.18556	-0.78861
1191	0.02059	-0.37562
1192	0.02289	-0.31591
1193	0.01886	-0.43237
1197	-0.19977	-0.64522
1198	0.02544	-0.56767
1199	0.02023	-0.36098
1200	0.03724	-0.62688
1201	0.02148	-0.15357
1202	0.18511	-0.99423
1203	-0.07058	-0.79769
1204	-0.21352	-0.79901
1205	0.0205	-0.35976
1206	0.02292	-0.282
1208	-0.02636	1.75105
1209	0.10131	-0.72103
1210	0.15539	-0.95369
1211	-0.06989	-0.73209
1214	-0.02638	1.75105
1215	-0.0265	1.75105
1216	-0.02644	1.75104
1217	-0.02611	1.75105
1218	0.02107	-0.14442
1219	-0.1331	-0.97664
1220	0.01937	-0.4283
1221	0.01008	-0.02883
1224	0.01036	-0.04499
1225	0.02192	-0.53124
1226	0.02301	-0.22872
1227	0.01872	-0.43305
1228	0.01889	-0.40106
1229	-0.02677	1.75104
1230	-0.02615	1.75105
1232	0.01843	-0.46156
1233	-0.02678	1.75104
1235	0.02082	-0.3499
1236	-0.02677	1.75104
1237	0.01867	-0.45982
1239	0.13156	-0.75009
1240	-0.03956	-0.96873
1241	-0.02661	1.75104
1242	0.02014	-0.36392
1243	-0.02672	1.75104
1244	0.01898	-0.39949
1245	0.00802	0.00105
1246	0.0184	-0.46793
1247	0.16328	-0.56857
1248	0.02289	-0.3161
1249	0.02962	-0.59685
1253	0.01915	-0.49512
1254	-0.02677	1.75104
1255	-0.02626	1.75104
1256	0.02377	-0.33495
1257	-0.02633	1.75104
1258	0.01952	-0.3966
1259	0.0228	-0.54112
1261	-0.02622	1.75105
1262	-0.12039	-0.83584
1263	-0.06829	-0.89572
1264	0.0179	-0.09085
1265	0.01828	-0.0968
1266	-0.084	-0.72342
1267	0.02196	-0.29274
1269	0.02312	-0.22532
1271	-0.02626	1.75104
1272	-0.16351	-0.57956
1273	0.01886	-0.45303
1274	-0.12252	-0.88924
1275	0.06068	-0.82404
1276	0.01886	-0.43254
1277	0.01833	-0.46884
1278	-0.07347	-0.89373
1279	-0.02623	1.75105
1281	-0.02643	1.75105
1282	0.02351	-0.5493
1283	-0.02761	-0.81271
1284	-0.152	-0.79145
1285	0.0191	-0.4962
1287	0.02192	-0.31996
1288	0.02553	-0.56867
1290	0.02603	-0.57338
1292	0.0705	-0.72928
1293	0.06237	-0.87779
1294	-0.23061	-0.85726
1295	-0.11134	-0.59901
1298	0.01895	-0.45161
1299	-0.02661	1.75104
1300	0.20615	-0.56646
1302	-0.02621	1.75105
1303	0.08734	-0.60871
1304	0.02032	-0.36066
1305	0.01885	-0.44973
1307	-0.02673	1.75104
1309	0.11624	-0.52264
1310	-0.02663	1.75104
1311	0.01882	-0.40623
1312	-0.02668	1.75103
1314	0.16997	-0.49535
1315	0.11032	-0.92566
1316	0.16274	-0.84429
1317	-0.02656	1.75105
1318	0.01915	-0.4952
1319	-0.02616	1.75105
1320	0.14079	-0.50396
1322	0.17097	-0.56535
1325	0.02501	-0.56378
1326	0.11245	-0.85682
1327	-0.06664	-0.86412
1328	0.0074	-0.86578
1330	-0.02623	1.75104
1332	0.01874	-0.40671
1333	0.02504	-0.76951
1334	-0.12855	-0.91801
1335	0.02094	-0.52246
1336	0.02311	-0.24945
1337	0.13761	-0.49317
1338	0.18354	-0.65329
1339	0.0789	-0.71094
1340	0.07838	-0.66391
1344	0.01906	-0.45777
1345	-0.02629	1.75105
1346	0.02161	-0.37189
1347	-0.02615	1.75105
1348	-0.02669	1.75104
1349	0.00622	0.08215
1351	-0.02612	1.75105
1352	0.01876	-0.44793
1353	0.02074	-0.13637
1355	0.15052	-0.77491
1356	-0.02668	1.75104
1358	0.02012	-0.36572
1359	0.01927	-0.39224
1360	0.13355	-0.55743
1361	0.02686	-0.57973
1362	-0.02657	1.75105
1363	-0.0263	1.75105
1364	0.02322	-0.3007
1365	-0.02614	1.75105
1366	-0.02674	1.75104
1368	-0.1095	-0.77229
1369	-0.02611	1.75105
1370	0.09114	-0.70619
1371	-0.02676	1.75104
1372	-0.04243	-0.95909
1373	-0.13672	-0.74787
1374	0.02074	-0.51539
1375	0.02086	-0.52024
1377	0.03173	-0.60457
1378	0.02703	-0.58111
1380	0.40098	-0.41265
1381	0.02173	-0.15189
1382	0.02159	-0.32582
1383	0.08863	-0.74438
1384	0.06735	-0.75827
1385	0.01991	-0.50342
1386	0.0261	-0.57408
1387	-0.02613	1.75105
1389	-0.40259	0.42869
1390	-0.02615	1.75104
1391	0.02144	-0.52853
1392	0.02396	-0.5539
1393	0.02073	-0.13576
1394	0.0212	-0.32348
1395	-0.02617	1.75105
1397	-0.02641	1.75105
1398	0.22765	-0.61556
1399	0.02586	-0.57191
1400	0.02173	-0.53013
1401	-0.02655	1.75104
1402	0.02245	-0.3181
1403	-0.02624	1.75104
1404	-0.02676	1.75104
1405	0.01926	-0.42957
1406	-0.02632	1.75105
1408	-0.08126	-0.47663
1409	-0.09601	-0.9862
1410	-0.0262	1.75105
1411	-0.02629	1.75104
1412	0.01885	-0.44896
1414	0.15848	-0.85208
1415	0.0211	-0.14472
1416	-0.10766	-0.91307
1417	0.1312	-0.53049
1418	0.29566	-0.50569
1419	0.01912	-0.39882
1420	-0.026	-0.75945
1421	-0.06207	-0.50995
1422	0.02738	-0.58368
1423	0.39784	-0.52874
1424	-0.02634	1.75104
1425	0.01915	-0.49522
1426	-0.02642	1.75104
1427	0.01869	-0.43371
1428	0.00212	-0.80478
1429	0.01867	-0.48906
1430	0.01993	-0.50396
1431	0.02144	-0.52831
1433	-0.02671	1.75104
1435	0.02136	-0.37296
1436	0.02498	-0.56348
1437	0.17797	-0.61939
1438	-0.02674	1.75104
1439	0.01997	-0.50644
1443	0.0231	-0.23103
1444	0.02671	-0.5787
1445	0.02229	-0.31885
1447	-0.02647	1.75104
1448	-0.01554	-0.94152
1449	0.06608	-0.79246
1450	-0.02654	1.75104
1451	-0.02627	1.75105
1452	0.18989	-0.5725
1453	0.02044	-0.36212
1454	0.02688	-0.57986
1455	0.02067	-0.37507
1456	0.01904	-0.49391
1457	0.02283	-0.28308
1460	-0.02613	1.75105
1461	0.01806	-0.47509
1462	-0.02625	1.75105
1463	0.16203	-0.59196
1464	0.0066	0.09609
1466	0.01926	-0.39252
1467	0.13512	-0.55531
1468	-0.02629	1.75105
1469	-0.02646	1.75105
1470	0.02195	-0.34076
1471	0.10057	-0.52476
1472	0.12631	-0.64355
1473	-0.02662	1.75103
1474	0.00774	0.01521
1475	0.01913	-0.45729
1476	0.02183	-0.16011
1477	0.01897	-0.43136
1478	0.02089	-0.38663
1479	-0.0263	1.75104
1480	0.0188	-0.40101
1481	0.01975	-0.11656
1482	0.00781	0.02161
1483	0.02242	-0.53711
1484	0.01903	-0.49169
1486	1.94707	0.47854
1487	-0.02635	1.75105
1488	-0.02673	1.75104
1489	0.02077	-0.51583
1490	0.03047	-0.60001
1491	0.3645	-0.20086
1492	0.02333	-0.54786
1493	0.01863	-0.44266
1494	0.0207	-0.51451
1495	-0.0262	1.75104
1496	0.2188	-0.59907
1497	-0.02665	1.75104
1498	0.01869	-0.48867
1499	0.02323	-0.54609
1500	0.01908	-0.4575
1501	0.14475	-0.59917
1502	-0.24476	-0.51584
1503	0.0074	0.05486
1504	-0.06475	-0.81739
1505	0.00772	0.03099
1507	0.01865	-0.42174
1508	-0.02616	1.75104
1509	0.02341	-0.54804
1510	-0.22775	-0.54542
1512	-0.02633	1.75104
1513	-0.02656	1.75104
1514	0.27102	-0.45052
1515	-0.03938	-0.63539
1516	-0.0264	1.75104
1517	-0.02665	1.75104
1518	0.07811	-0.80715
1520	-0.02625	1.75105
1521	0.02713	-0.58142
1522	0.02072	-0.51678
1523	-0.02659	1.75104
1524	0.02407	-0.27676
1525	0.02027	-0.36669
1526	-0.02623	1.75105
1527	-0.02677	1.75104
1528	-0.02637	1.75104
1529	0.02495	-0.56211
1530	-0.0266	1.75104
1531	-0.02671	1.75104
1532	-0.08312	-0.72495
1533	0.01884	-0.45329
1534	-0.02674	1.75104
1535	0.09714	-0.48002
1536	-0.02662	1.75104
1537	-0.02613	1.75105
1538	-0.02616	1.75104
1540	-0.02661	1.75103
1541	-0.02651	1.75104
1542	0.02716	-0.58166
1543	-0.02639	1.75104
1544	0.02669	-0.57808
1546	-0.03456	-0.85994
1547	0.02003	-0.37818
1548	0.02297	-0.30301
1549	0.02129	-0.52691
1550	-0.01087	-0.97858
1551	0.02223	-0.29604
1552	-0.02637	1.75105
1554	0.02704	-0.58109
1555	0.0229	-0.22596
1556	0.02462	-0.55992
1557	0.20343	-0.52513
1558	-0.02657	1.75104
1559	-0.02609	1.75105
1560	-0.02911	-0.84316
1561	-0.02621	1.75105
1562	0.02174	-0.15243
1563	-0.02237	-0.69093
1564	-0.02659	1.75105
1565	0.02322	-0.54614
1566	0.02217	-0.53424
1567	0.03137	-0.60357
1568	0.01904	-0.49467
1569	-0.02666	1.75104
1570	-0.02909	-0.76165
1571	-0.02643	1.75104
1572	-0.02666	1.75105
1573	0.15943	-0.63818
1574	0.08268	-0.70181
1575	-0.03344	-0.52089
1577	-0.02659	1.75104
1578	0.01911	-0.43012
1580	-0.02633	1.75105
1581	0.02636	-0.57545
1582	0.02746	-0.584
1583	-0.02633	1.75105
1584	0.02342	-0.1802
1585	-0.07351	-0.90661
1586	-0.02613	1.75105
1587	0.01858	-0.43495
1588	0.02395	-0.55383
1589	0.01866	-0.48679
1590	0.01873	-0.43359
1591	0.33803	-0.31537
1592	0.04565	-0.64883
1593	-0.02647	1.75105
1594	-0.02618	1.75104
1595	0.15146	-0.77796
1596	-0.08631	-0.85133
1597	0.02312	-0.26041
1598	0.02113	-0.52482
1599	-0.02643	1.75105
1600	-0.02642	1.75105
1601	-0.02621	1.75105
1602	0.05467	-0.67154
1603	-0.02649	1.75104
1604	0.02088	-0.52075
1605	0.02337	-0.31405
1607	-0.06559	-0.91723
1608	0.04021	-0.63828
1609	-0.0263	1.75105
1610	0.02548	-0.5683
1611	0.07752	-0.89259
1612	0.0184	-0.46851
1613	0.02142	-0.52779
1614	0.02197	-0.34047
1616	0.01873	-0.45966
1617	0.12667	-0.73679
1618	0.01957	-0.42712
1619	0.01865	-0.48129
1620	0.02071	-0.5181
1621	0.01865	-0.43438
1622	-0.02668	1.75104
1624	0.01892	-0.45276
1625	0.02187	-0.53162
1626	0.0248	-0.56136
1628	-0.02647	1.75104
1629	0.02247	-0.28469
1630	0.02044	-0.38812
1632	0.02197	-0.29107
1633	0.01948	-0.41289
1634	0.02323	-0.54619
1635	-0.02626	1.75105
1637	0.02078	-0.51848
1638	0.01864	-0.46458
1639	0.019	-0.43973
1640	0.02299	-0.24607
1641	0.01856	-0.465
1642	-0.02655	1.75104
1644	0.02089	-0.14236
1645	-0.02651	1.75104
1646	0.01933	-0.4177
1647	0.02214	-0.30635
1648	0.00778	0.01638
1649	-0.02628	1.75105
1650	0.02329	-0.54654
1651	0.02296	-0.30346
1652	0.02837	-0.58952
1653	0.01882	-0.40636
1654	-0.02648	1.75105
1655	-0.02621	1.75104
1657	-0.00603	-0.80908
1658	0.02131	-0.3833
1659	0.0187	-0.44163
1660	0.15728	-0.70329
1661	0.02146	-0.32272
1662	0.02144	-0.52852
1664	0.02159	-0.15599
1665	-0.02609	1.75105
1667	0.02118	-0.38421
1668	-0.25069	-0.86034
1669	0.01035	-0.0444
1670	0.02057	-0.38783
1671	0.02291	-0.31626
1672	-0.02664	1.75105
1673	-0.02614	1.75105
1674	0.02102	-0.5243
1675	0.02076	-0.51835
1676	-0.02666	1.75105
1677	0.00669	-0.74521
1678	0.01889	-0.40558
1679	-0.02677	1.75104
1680	0.04216	-0.64231
1681	0.02418	-0.55615
1682	0.01922	-0.39489
1683	-0.0264	1.75104
1684	-0.02673	1.75104
1685	0.0191	-0.45742
1686	0.01888	-0.40502
1687	1.43439	0.97785
1688	-0.11779	-0.56891
1690	0.02668	-0.57822
1691	-0.02619	1.75105
1692	0.01827	-0.4724
1693	-0.0268	1.75104
1694	0.02054	-0.35109
1695	-0.02674	1.75104
1696	-0.0265	1.75105
1697	-0.02674	1.75104
1698	-0.1237	-0.9803
1699	0.01041	-0.04573
1700	-0.02677	1.75104
1701	0.02268	-0.539
1702	0.02308	-0.18852
1703	0.01927	-0.42882
1704	0.01794	-0.08952
1705	0.01908	-0.43029
1706	0.0213	-0.34796
1707	-0.0261	1.75105
1709	-0.02629	1.75105
1710	0.01844	-0.46986
1711	0.02678	-0.57906
1712	0.02624	-0.57494
1713	0.0231	-0.18232
1714	0.02246	-0.53769
1715	-0.02665	1.75105
1716	-0.02648	1.75105
1717	0.02014	-0.50954
1719	-0.02614	1.75105
1720	0.02046	-0.35448
1721	0.02075	-0.51838
1722	-0.02634	1.75105
1724	0.02361	-0.29972
1725	0.02411	-0.55568
1726	0.02255	-0.31789
1727	-0.07885	-0.61798
1729	0.03477	-0.61994
1731	-0.0266	1.75104
1734	0.17077	-0.60436
1736	-0.02675	1.75104
1737	0.02941	-0.59548
1738	0.05717	-0.67423
1739	-0.02655	1.75105
1740	0.0207	-0.51493
1741	0.01926	-0.42957
1742	0.02665	-0.57802
1744	0.01845	-0.46641
1745	0.00989	-0.01665
1746	0.02153	-0.34291
1747	-0.0266	1.75104
1748	0.02473	-0.56072
1749	0.02075	-0.5163
1750	0.02217	-0.29194
1751	-0.02614	1.75105
1752	0.02127	-0.32996
1756	0.16861	-0.67418
1757	0.02917	-0.5948
1758	0.02331	-0.54756
1759	0.01929	-0.42885
1760	0.01904	-0.41891
1761	0.02205	-0.53289
1762	0.02308	-0.18337
1763	-0.02637	1.75104
1764	0.02138	-0.37295
1765	0.01856	-0.46497
1766	-0.02626	1.75105
1767	0.02291	-0.33738
1768	0.02832	-0.58932
1769	0.02306	-0.243
1770	0.0235	-0.54881
1771	0.0185	-0.46745
1772	0.01867	-0.48605
1773	-0.02639	1.75104
1774	0.01843	-0.46699
1775	-0.02623	1.75104
1777	0.02088	-0.52078
1778	-0.02612	1.75104
1779	0.01888	-0.44049
1780	0.04247	-0.64296
1781	0.01838	-0.46827
1782	-0.02609	1.75105
1784	0.02059	-0.13567
1785	-0.02896	-0.92641
1786	0.02091	-0.52238
1787	-0.02639	1.75105
1788	0.03198	-0.60551
1789	0.02089	-0.34463
1790	0.01868	-0.46425
1792	0.00759	0.04769
1793	1.89333	0.49146
1794	0.02139	-0.32919
1795	-0.08243	-0.92932
1796	0.0195	-0.41315
1797	0.17796	-0.57682
1798	0.0215	-0.32728
1799	0.02122	-0.38367
1800	0.02049	-0.37635
1802	-0.1225	-0.99311
1803	-0.02608	1.75105
1804	0.15014	-0.67462
1805	0.02277	-0.31701
1807	0.01932	-0.42926
1810	-0.02633	1.75105
1811	0.02042	-0.13295
1812	0.02168	-0.52941
1813	-0.41548	-0.35283
1814	-0.02658	1.75105
1815	-0.02655	1.75105
1816	-0.02665	1.75104
1818	0.02605	-0.57355
1819	0.02656	-0.57708
1820	0.07167	-0.68921
1821	0.01843	-0.46763
1822	0.02473	-0.56094
1824	0.01994	-0.42556
1825	0.0267	-0.57863
1828	-0.02657	1.75105
1830	0.01811	-0.47605
1832	0.0227	-0.2835
1836	0.02154	-0.32681
1837	0.01909	-0.45766
1838	0.01871	-0.40279
1839	0.00682	0.06967
1840	0.14567	-0.60696
1841	-0.07828	-0.92909
1842	0.02221	-0.25485
1843	-0.11946	-0.55047
1844	0.02017	-0.51055
1845	0.01951	-0.41042
1846	0.0255	-0.56856
1847	-0.02646	1.75104
1848	-0.12537	-0.656
1849	1.77055	0.60507
1850	0.02747	-0.58418
1851	-0.02633	1.75105
1852	0.02498	-0.5636
1853	-0.02634	1.75104
1854	0.01997	-0.37871
1855	0.02833	-0.58943
1856	-0.01125	0.21
1857	0.02311	-0.23686
1858	0.01004	-0.02638
1859	0.02403	-0.21157
1860	0.20232	-0.60133
1861	0.02206	-0.31953
1862	0.02071	-0.38716
1863	0.01913	-0.45727
1864	0.25022	-0.53402
1865	0.3628	-0.38686
1867	-0.0862	-0.66445
1868	-0.06192	-0.55287
1869	0.01858	-0.4653
1870	0.01839	-0.46864
1871	-0.0262	1.75104
1872	0.02034	-0.38851
1873	-0.02666	1.75104
1874	0.10156	-0.61924
1876	-0.02675	1.75104
1877	-0.02659	1.75103
1878	-0.02656	1.75105
1879	-0.02642	1.75105
1880	0.02564	-0.56945
1881	0.02386	-0.17867
1882	0.01844	-0.46608
1884	0.02006	-0.50808
1885	-0.02644	1.75104
1886	-0.02671	1.75104
1889	0.02245	-0.16613
1890	0.01843	-0.47086
1891	-0.02608	1.75105
1893	0.02101	-0.52332
1894	-0.02631	1.75104
1895	-0.02623	1.75104
1896	-0.02652	1.75105
1897	0.03594	-0.62355
1899	0.1656	-0.65555
1900	0.01873	-0.42092
1901	0.02097	-0.52307
1902	0.03109	-0.60286
1903	0.02301	-0.24352
1904	-0.02672	1.75104
1905	0.01834	-0.46897
1906	0.02066	-0.51468
1908	0.02332	-0.54768
1909	0.02288	-0.5426
1910	0.02043	-0.3546
1911	-0.02631	1.75105
1912	0.02316	-0.22757
1913	0.12284	-0.46417
1914	-0.05729	-0.63272
1915	0.02072	-0.51679
1916	0.02473	-0.56033
1917	0.02204	-0.2861
1918	0.01835	-0.46924
1919	0.01913	-0.39885
1920	0.02003	-0.50544
1921	0.01895	-0.45127
1922	0.02521	-0.56508
1923	-0.17211	-0.51365
1924	-0.02628	1.75105
1926	0.01849	-0.44307
1927	-0.01353	-0.8565
1928	0.01888	-0.44072
1929	0.0536	-0.67037
1930	0.02516	-0.56463
1931	-0.10452	-0.96938
1932	0.32694	-0.53887
1933	-0.02668	1.75104
1934	0.02364	-0.30005
1935	0.025	-0.56368
1936	0.02095	-0.5229
1937	0.18415	-0.62952
1938	-0.02654	1.75104
1939	-0.02652	1.75104
1940	0.01862	-0.42141
1941	0.01874	-0.4829
1942	-0.02622	1.75104
1943	-0.02651	1.75105
1945	-0.0263	1.75104
1946	0.02536	-0.56693
1947	0.02261	-0.53875
1948	-0.13291	-0.76198
1949	0.01903	-0.49351
1951	0.03126	-0.60331
1952	0.02016	-0.37758
1953	-0.02663	1.75105
1954	0.02296	-0.5421
1955	0.19194	-0.57344
1956	-0.05452	-0.56855
1957	-0.05933	-0.78624
1958	0.02128	-0.38328
1959	-0.02639	1.75105
1962	-0.29333	-0.33121
1964	0.02157	-0.32739
1965	-0.02656	1.75104
1966	0.02373	-0.31335
1967	0.19849	-0.75315
1968	0.14129	-0.65151
1969	-0.02607	1.75105
1970	0.02652	-0.57661
1971	0.13112	-0.63381
1972	-0.0605	-0.89602
1973	0.02312	-0.3155
1974	-0.02617	1.75104
1975	-0.18052	-0.58831
1977	0.02098	-0.37415
1978	-0.02675	1.75104
1979	-0.0677	-0.95991
1980	-0.02673	1.75104
1981	0.17481	-0.61263
1982	0.12431	-0.58869
1983	-0.08521	-0.82744
1984	0.02302	-0.24121
1985	0.03356	-0.61607
1986	0.01997	-0.1265
1987	-0.02639	1.75104
1988	0.02618	-0.57477
1989	0.00084	0.14041
1990	-0.0265	1.75104
1991	0.03482	-0.62008
1992	0.02292	-0.31611
1993	0.02265	-0.30444
1994	-0.02632	1.75105
1995	-0.00262	0.14647
1996	0.02536	-0.56727
1998	0.02168	-0.52969
1999	0.02111	-0.34421
2000	0.02413	-0.27694
2001	0.00412	-0.96346
2002	-0.02674	1.75104
2003	-0.13628	-0.52178
2004	-0.02617	1.75105
2005	0.0207	-0.51722
2006	0.01842	-0.47082
2007	-0.41511	-0.43065
2008	0.0215	-0.34197
2009	0.02146	-0.52861
2010	0.22035	-0.53159
2011	0.01827	-0.4724
2012	0.0193	-0.39195
2013	0.02411	-0.55572
2014	0.02092	-0.5227
2016	0.01994	-0.50379
2017	-0.20731	-0.5167
2018	-0.02667	1.75104
2019	0.02262	-0.18518
2020	0.02018	-0.5105
2021	0.05953	-0.57442
2022	0.02018	-0.50921
2023	0.0221	-0.31963
2024	0.07259	-0.71813
2025	-0.25326	-0.69084
2026	0.01875	-0.45956
2027	0.06096	-0.83566
2028	0.02047	-0.3545
2029	-0.04576	-0.96803
2030	0.02726	-0.58265
2031	-0.08215	-0.96624
2032	0.02714	-0.58212
2033	0.04401	-0.64584
2034	0.01912	-0.4959
2035	0.02373	-0.55179
2036	-0.19901	-0.53986
2037	0.01826	-0.47253
2038	-0.07577	-0.84419
2039	-0.02642	1.75105
2040	0.19649	-0.64783
2042	0.01873	-0.48335
2043	-0.14083	-0.65358
2044	0.02211	-0.34004
2045	0.02395	-0.55379
2046	0.02251	-0.33831
2047	0.02259	-0.17548
2049	0.02394	-0.55371
2051	0.01994	-0.5038
2052	0.05984	-0.68877
2053	0.03904	-0.6333
2054	0.02186	-0.30772
2055	0.0187	-0.43372
2056	0.02098	-0.14043
2057	0.02824	-0.58902
2058	-0.05199	-0.79188
2059	-0.08688	-0.99513
2060	0.04676	-0.65314
2061	0.02066	-0.37578
2062	0.01871	-0.48552
2063	0.0185	-0.443
2065	0.03444	-0.61902
2066	0.02022	-0.36095
2067	0.02006	-0.38929
2068	0.0188	-0.42057
2069	-0.02672	1.75104
2070	0.01849	-0.46736
2071	-0.02609	1.75105
2072	0.0202	-0.37753
2073	0.02129	-0.38326
2074	-0.21535	-0.55209
2075	0.02326	-0.54626
2077	-0.16013	-0.97301
2078	-0.18677	-0.6818
2080	0.01025	-0.03187
2081	0.20068	-0.50359
2082	-0.0915	-0.46558
2083	-0.11601	-0.69964
2084	0.03209	-0.60602
2085	-0.11628	-0.728
2086	-0.58164	-0.31221
2087	-0.10694	-0.8568
2088	0.02219	-0.30616
2089	-0.02619	1.75104
2090	-0.02679	1.75104
2091	0.0214	-0.52822
2092	-0.12445	-0.65575
2094	-0.01813	-0.66599
2095	-0.02667	1.75104
2096	0.02258	-0.25333
2097	0.01953	-0.4121
2098	0.06763	-0.68621
2099	0.02542	-0.56748
2100	0.01878	-0.48466
2101	0.0241	-0.55519
2102	-0.10641	-0.77209
2103	0.06136	-0.8769
2104	0.01877	-0.401
2105	0.13428	-0.6619
2106	-1.66217	0.05227
2107	0.02016	-0.5102
2108	0.1082	-0.83947
2110	0.02386	-0.55279
2111	0.02007	-0.50845
2112	-0.23792	-0.60868
2113	-0.02631	1.75104
2115	0.01857	-0.46061
2116	-0.21413	-0.78556
2117	0.01877	-0.45388
2118	0.02287	-0.25731
2119	-0.02612	1.75105
2120	0.12176	-0.8045
2121	-0.09041	-0.81097
2122	0.02602	-0.57312
2123	-0.07049	-0.6169
2124	-0.02645	1.75105
2127	0.01908	-0.49244
2128	0.01909	-0.49139
2129	0.02274	-0.54005
2131	0.10337	-0.68391
2132	0.02172	-0.53007
2133	0.02147	-0.38271
2134	0.02013	-0.37765
2135	0.02277	-0.54084
2136	0.0286	-0.59135
2137	-0.02626	1.75105
2138	-0.14433	-0.79228
2139	0.02349	-0.54945
2140	0.16651	-0.83709
2141	0.05912	-0.7214
2142	0.01873	-0.45397
2144	0.01099	-0.92696
2145	0.02014	-0.36424
2146	0.02886	-0.59347
2148	0.02187	-0.2867
2149	0.01907	-0.43085
2150	0.01884	-0.45305
2151	0.05895	-0.75746
2153	0.02725	-0.58255
2155	0.02124	-0.5265
2156	0.01867	-0.48819
2157	0.01902	-0.43814
2158	-0.15975	-0.84697
2159	0.03477	-0.61986
2161	0.06602	-0.68513
2162	0.02313	-0.23238
2163	0.02144	-0.52832
2164	0.01807	-0.47627
2165	-0.02615	1.75105
2167	0.01866	-0.48606
2168	0.02079	-0.51571
2169	0.02721	-0.58249
2170	0.01838	-0.46872
2171	0.02241	-0.53717
2172	0.02868	-0.59161
2173	-0.02612	1.75105
2174	0.02322	-0.18189
2175	0.01887	-0.40595
2176	0.01835	-0.46881
2177	-0.02898	-0.81961
2178	-0.02637	1.75105
2179	0.02347	-0.54904
2180	-0.05517	-0.76398
2181	-0.02645	1.75104
2182	0.02357	-0.27963
2184	-0.45189	0.43324
2185	0.02123	-0.13925
2186	0.01886	-0.45835
2187	0.02159	-0.34705
2188	0.01917	-0.49553
2189	0.00651	0.08867
2190	0.16499	-0.81502
2191	-0.0261	1.75105
2192	0.01835	-0.47159
2194	0.01995	-0.50255
2195	0.02045	-0.36198
2196	0.02294	-0.54233
2198	0.02091	-0.52201
2199	0.02082	-0.51949
2200	0.02647	-0.57643
2201	-0.09216	-0.82485
2202	0.01866	-0.44248
2203	0.08068	-0.70071
2204	-0.14781	-0.94932
2205	0.02068	-0.51784
2206	0.02156	-0.32739
2207	0.02165	-0.15202
2208	-0.02638	1.75104
2209	-0.01198	-0.84609
2210	0.02379	-0.33491
2211	0.02002	-0.37849
2213	-0.23803	-0.83697
2214	0.31113	-0.47101
2215	-0.05204	-0.94072
2216	-0.0267	1.75103
2217	0.02585	-0.20584
2219	0.02004	-0.50789
2220	0.02182	-0.34102
2221	0.01833	-0.47204
2222	0.02151	-0.34729
2223	0.02383	-0.31305
2224	-0.02617	1.75105
2225	0.01938	-0.42797
2226	0.02058	-0.37531
2227	-0.11095	-1.05409
2228	0.02414	-0.55581
2229	0.02124	-0.52639
2230	0.02104	-0.52434
2231	-0.16772	-0.74535
2232	0.03547	-0.62209
2233	-0.06463	-0.68445
2234	-0.00275	-0.77641
2235	-0.05364	-0.86977
2236	0.01867	-0.4886
2237	0.02085	-0.38678
2238	0.02766	-0.58505
2239	0.11481	-0.89866
2240	0.02785	-0.58586
2241	0.02046	-0.38804
2242	0.02003	-0.37815
2245	0.09347	-0.66255
2246	0.02089	-0.34488
2247	0.02052	-0.35959
2248	0.05045	-0.65968
2249	0.0213	-0.52692
2250	-0.11492	-0.80511
2251	0.04089	-0.6395
2253	-0.02667	1.75104
2254	0.10318	-0.71465
2255	-0.17614	-0.86194
2256	0.01912	-0.49642
2257	-0.02606	1.75105
2258	0.02003	-0.3784
2260	0.02883	-0.59342
2261	0.10172	-0.81889
2262	0.02127	-0.52607
2263	0.01892	-0.45271
2264	0.01877	-0.44791
2265	-0.21379	-0.56674
2266	0.03026	-0.59908
2267	0.15936	-0.63563
2268	0.0289	-0.59396
2269	0.04151	-0.64101
2270	0.10359	-0.47611
2271	0.01886	-0.40149
2272	-0.14578	-0.96701
2274	-0.08673	-0.5743
2275	0.09615	-0.87892
2276	-0.11487	-0.99195
2277	0.10687	-0.60275
2278	-0.08286	-0.53515
2279	0.01877	-0.48375
2280	-0.0661	-0.76529
2282	-0.12392	-0.65346
2283	-0.01452	-0.67501
2284	-0.17882	-0.79757
2285	0.03416	-0.61789
2286	0.00671	0.06899
2287	0.01883	-0.455
2288	0.01938	-0.42828
2289	0.02102	-0.52402
2291	0.02055	-0.35879
2292	-0.1417	-0.60019
2293	-0.16778	-0.79669
2294	0.0199	-0.50327
2295	0.0201	-0.35563
2296	0.02068	-0.51802
2297	0.03085	-0.60196
2298	0.01866	-0.48736
2299	0.0194	-0.41094
2300	0.02075	-0.13551
2301	0.02001	-0.50663
2302	0.02492	-0.56309
2303	0.02651	-0.57668
2304	0.01913	-0.49506
2305	0.02617	-0.57457
2306	0.22278	-0.64078
2307	-0.22426	-0.64027
2308	0.02238	-0.53699
2309	-0.04228	-0.56125
2310	0.04099	-0.6397
2311	0.03659	-0.62524
2313	0.01864	-0.44253
2315	-0.21412	-0.48203
2316	0.15565	-0.49837
2317	0.01877	-0.45563
2318	0.09786	-0.87994
2319	-0.18919	-0.45824
2321	0.11024	-0.7811
2322	0.06871	-0.72384
2323	-0.15387	-0.59331
2324	-0.17004	-0.35289
2325	0.20956	-0.51552
2326	0.03339	-0.61567
2327	0.20849	-0.7404
2330	0.02384	-0.55269
2331	0.02117	-0.52572
2332	0.01874	-0.48318
2333	-0.02609	1.75105
2335	-0.10757	-0.67941
2336	-0.08608	-0.92951
2337	0.02392	-0.27789
2338	-0.02648	1.75105
2340	-0.07961	-0.98061
2341	0.22246	-0.62829
2342	0.02072	-0.35028
2343	0.05367	-0.67042
2344	0.02497	-0.27398
2345	-0.0265	1.75104
2346	0.02337	-0.54796
2347	0.18924	-0.42472
2348	-0.10155	-0.79405
2349	0.0203	-0.36672
2352	-0.01103	0.21392
2353	0.29951	-0.56964
2354	0.01906	-0.49159
2355	0.02314	-0.23647
2356	-0.02679	1.75104
2357	-0.04315	-0.92908
2359	0.01911	-0.43008
2360	0.02469	-0.56014
2361	0.02005	-0.5058
2362	0.01876	-0.4837
2363	0.02077	-0.51905
2364	0.02002	-0.50702
2365	0.00728	0.05898
2366	-0.12865	-0.63737
2367	0.01884	-0.40221
2369	0.16342	-0.60694
2370	-0.07858	-0.86711
2371	0.02277	-0.31713
2373	-0.08679	-0.73634
2375	-0.08057	-0.66754
2376	0.02321	-0.23926
2378	0.02305	-0.22069
2379	0.03668	-0.62546
2381	0.02802	-0.58693
2382	-0.0971	-0.29881
2383	0.02141	-0.34356
2385	-0.05708	-0.90424
2386	-0.02633	0.24794
2387	-0.04545	-0.74622
2389	0.01832	-0.44421
2390	-0.1161	-0.84628
2391	0.18305	-0.58895
2392	0.02331	-0.21566
2394	0.0189	-0.43205
2395	-0.09484	-1.00686
2396	0.02178	-0.15975
2397	0.22183	-0.88034
2398	0.01843	-0.47043
2399	-0.02676	1.75104
2400	-0.10759	-0.75256
2401	0.02723	-0.58283
2402	0.15698	-0.76681
2404	0.01905	-0.43794
2405	-0.09284	-0.92609
2406	0.01966	-0.41186
2407	0.01931	-0.4173
2408	-0.07199	-0.58896
2409	-0.02627	1.75104
2410	-0.11821	-0.65545
2411	-0.07369	-0.91511
2412	-0.09795	-0.73596
2413	-0.0911	-0.60928
2414	-0.0108	-1.00407
2415	0.05312	-0.98662
2416	-0.02624	1.75105
2417	0.02825	-0.58836
2418	0.01875	-0.48497
2419	-0.02671	-0.62558
2420	0.00831	-0.00643
2421	-0.11764	-0.7872
2422	-0.01643	-0.92009
2423	0.19439	-0.68195
2424	-0.04047	-0.94301
2425	0.03024	-0.59905
2426	0.15236	-0.59903
2427	-0.11648	-0.89881
2428	-0.06582	-0.66354
2429	0.02326	-0.54636
2430	0.04093	-0.63957
2431	-0.06053	-0.95325
2432	0.29547	-0.52976
2433	0.01872	-0.45942
2434	0.01905	-0.41902
2435	-0.08411	-0.98528
2436	0.00336	-0.53485
2437	-0.0261	1.75105
2438	0.12819	-0.9229
2439	0.01905	-0.49295
2440	0.01866	-0.44195
2441	-0.1592	-0.63156
2442	-0.02641	1.75104
2443	-0.17231	-0.42796
2444	-0.15448	-0.58418
2445	-1.66724	0.03855
2446	-0.11075	-0.6756
2447	0.01876	-0.4835
2450	-0.14854	-0.68456
2451	0.023	-0.1829
2452	-0.12476	-0.96883
2453	0.02495	-0.56207
2455	0.01941	-0.39695
2458	0.02112	-0.38587
2459	0.02294	-0.18895
2460	0.01839	-0.46198
2461	0.01867	-0.48593
2462	0.02544	-0.56761
2464	0.01807	-0.09043
2465	-0.16375	-0.9312
2466	0.02273	-0.53984
2468	0.06663	-0.69433
2469	0.02007	-0.37801
2471	0.05819	-0.67527
2472	-0.10889	-0.92932
2473	-0.27682	-0.56355
2476	-0.08154	-0.7256
2477	0.02689	-0.5799
2478	-0.23383	-0.58222
2479	-0.09718	-0.55889
2480	-0.02667	1.75104
2481	0.01875	-0.48496
2482	-0.02611	1.75105
2483	-0.22575	-0.88941
2484	0.01872	-0.4417
2485	-0.02608	1.75105
2486	0.01903	-0.43831
2488	0.02085	-0.52049
2489	-0.22295	-0.62328
2490	-0.02624	1.75104
2491	0.0187	-0.48575
2492	0.01907	-0.49156
2493	0.02855	-0.59115
2494	-0.08709	-0.67833
2495	-0.02642	1.75104
2496	0.02666	-0.57781
2497	0.02667	-0.57821
2498	-0.02671	1.75104
2499	0.00769	0.02447
2500	-0.118	-1.0793
2502	0.02245	-0.53791
2503	-0.0262	1.75105
2504	-0.07006	-1.10858
2505	-0.09239	-0.95562
2507	-0.02673	1.75104
2508	-0.14869	-0.81985
2509	0.0209	-0.52129
2510	0.01928	-0.41779
2511	0.02494	-0.27503
2512	0.02299	-0.22119
2513	-0.07034	-0.65129
2514	-0.08586	-0.79912
2515	0.02614	-0.57421
2516	0.02123	-0.14945
2517	-0.04817	-0.9253
2518	0.02469	-0.56016
2519	0.01793	-0.08592
2520	0.01882	-0.42043
2522	0.02006	-0.50743
2523	0.01937	-0.39709
2524	0.01883	-0.44971
2526	-0.1135	-0.97855
2527	0.02209	-0.53347
2528	-0.02659	1.75104
2529	-0.07638	-0.63565
2530	0.42083	-0.53406
2531	-0.11558	-0.93428
2534	-0.14586	-0.84478
2535	-0.0267	1.75103
2536	0.02039	-0.35468
2537	0.0189	-0.44863
2538	0.12662	-0.63736
2540	-0.02631	1.75105
2541	0.23993	-0.59711
2542	0.02604	-0.57343
2543	0.01864	-0.48767
2545	0.02111	-0.38473
2546	-0.06895	-0.64736
2547	0.02901	-0.59447
2548	0.03032	-0.59946
2549	0.01875	-0.45922
2550	-0.08551	-1.00484
2551	0.02146	-0.38273
2552	0.01886	-0.40614
2554	-0.12876	-0.80204
2555	0.15355	-0.5566
2556	0.02155	-0.37222
2558	-0.02676	1.75104
2559	-0.11361	-0.88242
2560	0.03007	-0.59849
2561	0.01937	-0.42833
2562	0.01927	-0.39752
2563	0.02321	-0.228
2565	-0.01397	-0.91066
2566	-0.03011	0.2918
2567	-0.10815	-0.79642
2568	-0.25808	-0.66651
2569	0.01993	-0.50357
2570	-0.02627	1.75105
2571	-0.08618	-0.66214
2572	-0.1181	-0.6835
2573	-0.02621	1.75105
2574	0.06764	-0.97713
2575	0.02067	-0.35036
2576	0.02093	-0.52273
2577	0.04846	-0.65576
2579	0.0189	-0.44906
2580	0.01905	-0.49294
2581	-0.02662	1.75104
2582	-0.50328	-0.43314
2584	-0.02676	1.75104
2585	0.0204	-0.36215
2586	-0.02658	1.75104
2587	-0.04881	-0.90934
2589	-0.02612	1.75105
2590	-0.10268	-0.59281
2591	0.24639	-0.72165
2592	0.01901	-0.4393
2593	0.0179	-0.09269
2594	-0.02642	1.75104
2595	-0.10636	-0.97172
2596	0.02144	-0.15049
2597	-0.108	-0.78482
2598	-0.10961	-1.00082
2599	-0.02641	1.75104
2600	-0.02677	1.75104
2601	-0.10155	-0.68919
2602	-0.10759	-0.76988
2603	0.02883	-0.59324
2604	0.09295	-1.00367
2605	0.02104	-0.5241
2606	0.02005	-0.5073
2607	0.02043	-0.35989
2608	-0.04997	-0.83163
2610	-0.11859	-0.64099
2611	-0.02668	1.75103
2612	0.03214	-0.60618
2613	0.02173	-0.53014
2614	-0.02649	1.75104
2615	0.10837	-0.65815
2616	-0.02638	1.75105
2617	-0.02653	1.75104
2618	0.0238	-0.27808
2619	0.02303	-0.30331
2620	0.02497	-0.56341
2621	-0.06069	-0.9627
2623	0.02014	-0.50963
2624	0.02006	-0.50801
2625	-0.08922	-0.83912
2626	0.19399	-0.71371
2627	0.0201	-0.12374
2628	-0.08967	-0.91395
2630	-0.2025	-0.84349
2631	0.01913	-0.45729
2632	-0.12488	-0.62705
2633	-0.0263	1.75104
2634	0.02281	-0.33759
2635	0.0255	-0.56798
2636	-0.02644	1.75104
2637	0.02109	-0.34437
2638	0.01932	-0.39421
2639	0.0215	-0.34726
2640	0.14622	-0.54319
2641	-0.02643	1.75104
2642	-0.06055	-0.67009
2643	0.00811	-0.00173
2644	-0.02652	1.75104
2645	0.01908	-0.49381
2646	0.01801	-0.47437
2647	-0.02619	1.75105
2648	0.01947	-0.39148
2649	0.02303	-0.28171
2650	0.02282	-0.54148
2651	-0.02607	1.75105
2653	0.22591	-0.57637
2654	-0.02608	1.75105
2655	-0.02645	1.75104
2657	-0.02648	1.75104
2658	-0.17104	-0.73025
2659	-0.20881	-0.69832
2661	-0.02649	1.75105
2662	0.024	-0.55426
2663	-0.24416	-0.52581
2664	0.00683	0.07074
2665	-0.1278	-1.00852
2666	-0.0266	1.75105
2667	0.02109	-0.37383
2668	-0.02644	1.75105
2669	-0.0267	1.75104
2670	-0.06312	-0.87447
2671	-0.14485	-0.83033
2672	0.02145	-0.52835
2674	0.01006	-0.02807
2675	-0.02672	1.75104
2676	-0.02611	1.75105
2677	0.02317	-0.23935
2678	0.0219	-0.53144
2679	0.0197	-0.41175
2680	-0.1938	-0.57555
2681	-0.10713	-0.74796
2682	-0.15484	-0.57535
2684	0.0228	-0.3168
2685	-0.01001	0.21264
2687	-0.02641	1.75105
2689	0.01866	-0.48609
2690	0.02278	-0.25181
2691	0.02322	-0.26011
2692	-0.02607	1.75105
2693	-0.02674	1.75104
2694	-0.02648	1.75105
2695	0.01885	-0.40569
2696	0.02584	-0.20586
2697	-0.02651	1.75105
2698	-0.02634	1.75105
2699	-0.02645	1.75105
2700	0.09246	-0.56782
2701	-0.02676	1.75104
2705	0.01914	-0.45704
2706	0.00779	0.01118
2707	-0.02192	-1.03544
2709	0.01892	-0.44911
2710	-0.02631	1.75105
2711	0.02088	-0.38619
2713	-0.07205	-0.87154
2715	0.02397	-0.55403
2716	-0.06215	-0.937
2717	-0.078	-0.82806
2718	-0.02636	1.75105
2719	-0.02638	1.75105
2720	0.01996	-0.50252
2721	-0.02646	1.75105
2722	0.02003	-0.50562
2723	-0.02671	1.75103
2724	-0.02651	1.75104
2725	-0.02676	1.75104
2726	0.02274	-0.53985
2728	-0.0264	1.75105
2729	-0.02624	1.75105
2730	0.12943	-0.46407
2731	-0.02678	1.75104
2732	-0.02615	1.75104
2733	-0.02677	1.75104
2734	-0.02657	1.75105
2735	1.64141	0.14725
2737	-0.02611	1.75105
2738	-0.12986	-0.61511
2739	-0.02653	1.75104
2740	-0.02616	1.75104
2741	-0.12272	-0.5917
2742	0.01856	-0.46501
2743	-0.02649	1.75105
2744	-0.08344	-0.80262
2745	0.08406	-1.05888
2746	0.02829	-0.58921
2747	-0.08325	-0.93806
2749	0.02068	-0.51797
2750	-0.07559	-0.61687
2751	-0.25752	-0.48924
2753	-0.02622	1.75104
2754	-0.0266	1.75103
2755	0.01871	-0.10053
2757	0.01868	-0.43408
2758	0.02349	-0.5489
2759	0.02332	-0.31429
2760	0.01824	-0.4445
2761	0.14271	-0.74556
2762	0.02329	-0.54711
2763	0.02718	-0.58236
2764	0.01957	-0.41564
2765	-0.07573	-0.87054
2766	-0.02659	1.75104
2768	0.00732	0.05561
2769	0.02028	-0.37713
2770	-0.02674	1.75104
2771	-0.02628	1.75104
2772	-0.02632	1.75104
2773	0.02497	-0.56342
2774	-0.13154	-0.59475
2775	0.02074	-0.51555
2776	-0.15527	-1.09734
2777	-0.02662	1.75105
2778	-0.02661	1.75104
2779	-0.11506	-0.62427
2780	-0.02649	1.75104
2781	0.06946	-0.68757
2782	0.02475	-0.20943
2783	0.11827	-0.69484
2784	-0.02619	1.75104
2785	0.09214	-0.87279
2786	0.02607	-0.57388
2787	0.10881	-1.01944
2788	0.03108	-1.00854
2789	0.02252	-0.31792
2790	-0.02644	1.75105
2791	-0.02649	1.75104
2792	-0.13685	-0.60167
2793	-0.02219	-0.94196
2794	-0.25136	-0.89834
2795	-0.14636	-0.74091
2796	-0.02678	1.75104
2797	-1.83231	0.62795
2798	-0.06802	-0.7698
2799	0.02168	-0.5297
2800	-0.02617	1.75105
2802	-0.0262	1.75105
2803	-0.02655	1.75104
2804	-0.17123	-0.74021
2806	-0.02636	1.75104
2807	-0.02612	1.75105
2808	-0.02627	1.75104
2809	0.02068	-0.37508
2811	-0.03321	-0.91032
2812	0.01827	-0.09843
2813	0.20017	-0.49888
2814	0.06339	-0.78395
2815	-0.02609	1.75105
2816	-0.02737	-1.00118
2819	-0.02656	1.75104
2820	-0.02659	1.75105
2821	-0.02674	1.75104
2822	-0.08091	-0.82752
2823	-0.02617	1.75105
2824	0.02047	-0.35979
2825	-0.1104	-0.9678
2826	-0.02668	1.75105
2827	0.01035	-0.04815
2828	0.01847	-0.46722
2829	0.01848	-0.40363
2830	0.42514	-0.27709
2831	-0.02653	1.75104
2832	-0.22843	-0.5513
2833	0.02367	-0.55157
2834	-0.02637	1.75104
2835	-0.02653	1.75105
2836	-0.26039	-0.45184
2837	-0.02618	1.75105
2838	0.02512	-0.56448
2839	-0.02626	1.75105
2840	-0.05111	-0.80978
2841	0.24945	-0.7705
2842	-0.02618	1.75104
2843	0.01897	-0.45261
2844	-0.02625	1.75104
2845	-0.08649	-0.67867
2846	-0.22893	-0.6068
2847	-0.0262	1.75104
2848	-0.02626	1.75105
2849	0.25432	-0.47884
2850	0.01883	-0.45871
2851	-0.05782	-1.0797
2853	-0.0268	1.75104
2855	0.02023	-0.3672
2856	0.10769	-0.83004
2857	0.02081	-0.51933
2858	-0.02648	1.75105
2859	-0.02655	1.75104
2860	-0.02669	1.75104
2861	-0.0262	1.75105
2862	-0.02664	1.75104
2863	0.01877	-0.48464
2864	-0.25131	-0.53336
2865	-0.14806	-0.56507
2866	-0.13435	-0.65438
2868	-0.02665	1.75103
2869	-0.02667	1.75105
2870	-0.02661	1.75105
2871	-0.02672	1.75104
2873	0.03743	-0.62764
2874	0.11634	-0.68845
2875	-0.0263	1.75105
2876	0.07614	-0.71105
2877	-0.02674	1.75104
2878	-0.02655	1.75105
2879	0.19016	-0.46791
2880	0.23272	-0.67861
2881	-0.07754	-0.89975
2882	0.01873	-0.48324
2883	-0.02672	1.75104
2884	-0.02661	1.75105
2885	-0.02641	1.75105
2886	-0.10653	-0.72518
2887	-0.02609	1.75105
2888	-0.02667	1.75104
2889	0.02071	-0.51811
2890	0.02504	-0.56403
2891	-0.02663	1.75103
2892	0.02317	-0.22432
2893	-0.18985	-0.71148
2894	-0.14923	-0.56211
2895	-0.0261	1.75105
2896	0.02119	-0.52567
2897	-0.02663	1.75104
2898	-0.02671	1.75103
2900	-0.02619	1.75105
2901	-1.41602	0.98385
2902	-0.02668	1.75105
2904	-0.02678	1.75104
2905	-0.02544	-0.63058
2906	-0.02656	1.75104
2908	-0.08155	-1.01693
2909	-0.05745	-0.94806
2910	-0.02632	1.75104
2911	0.07338	-0.83465
2913	-0.02631	1.75104
2914	-0.02615	1.75105
2915	-0.02649	1.75105
2916	0.01848	-0.44313
2917	-0.02658	1.75105
2918	-0.09566	-0.98169
2920	1.65642	0.73532
2921	1.92472	0.4765
2922	-0.1346	-1.01343
2923	-0.06939	-0.75708
2924	0.17779	-0.69105
2925	-0.02632	1.75104
2926	-0.02634	1.75105
2927	-0.15075	-0.60177
2928	-0.02635	1.75105
2929	-0.10227	-0.72588
2930	-0.02653	1.75104
2931	-0.1721	-0.59701
2932	0.23014	-0.75265
2933	-0.02648	1.75104
2934	-0.12417	-0.68369
2935	-0.02676	1.75104
2936	-0.10411	-0.86029
2937	0.01911	-0.41856
2938	-0.02639	1.75104
2939	-0.02622	1.75105
2940	-0.02654	1.75105
2941	-0.02658	1.75105
2942	0.01883	-0.45348
2943	-0.02669	1.75104
2945	-0.019	-0.82811
2947	-0.02678	1.75104
2948	-0.02637	1.75104
2949	0.10628	-1.00195
2950	-0.08122	-0.85182
2951	-0.02629	1.75104
2952	-0.02624	1.75105
2953	-0.02626	1.75105
2954	-0.09618	-0.70165
2955	0.03826	-0.62975
2957	-0.02662	1.75105
2958	0.02099	-0.52304
2959	-0.0759	-0.681
2960	-0.02631	1.75104
2961	0.02161	-0.34246
2962	-0.02606	1.75105
2963	0.02035	-0.36506
2964	-0.05605	-0.81699
2965	-0.02677	1.75104
2966	-0.07204	-0.61833
2970	-0.02867	-0.80187
2971	-0.06222	-0.79925
2972	-0.02668	1.75104
2973	-0.02658	1.75104
2974	-0.12226	-0.58784
2975	-0.0262	1.75104
2979	-0.02644	1.75104
2980	0.11895	-0.70799
2981	-0.0264	1.75105
2982	-0.02618	1.75105
2983	-0.02652	1.75105
2984	-0.08186	-0.92708
2985	0.00748	-0.90091
2986	-1.68421	0.69714
2987	0.02223	-0.16718
2988	-0.02669	1.75104
2989	-0.02669	1.75104
2990	-0.02654	1.75104
2991	-0.07859	-0.67774
2993	-0.02678	1.75104
2997	-0.02651	1.75105
2998	-0.03674	-0.77224
2999	-0.02638	1.75105
3000	-0.02615	1.75105
3001	-0.0264	1.75105
3002	-0.02676	1.75104
3003	-0.02673	1.75104
3004	-0.02679	1.75104
3005	-0.02636	1.75104
3006	-0.02617	1.75104
3007	-0.29287	-0.82248
3008	0.09248	-0.67588
3009	-0.13483	-0.91001
3010	0.47438	-0.44479
3011	0.01881	-0.45907
3012	-0.05468	-0.66784
3013	-0.02614	1.75105
3015	-0.02669	1.75104
3016	-0.02612	1.75105
3017	-0.02655	1.75105
3018	-0.09124	-0.80231
3019	-0.02631	1.75105
3020	-0.02607	1.75105
3022	0.01891	-0.45174
3023	-0.02661	1.75104
3024	-0.02627	1.75105
3025	-0.18721	-0.69412
3026	0.00694	0.06836
3027	-0.09529	-0.87671
3028	-0.02631	1.75104
3030	-0.09497	-0.85692
3031	-0.13287	-0.28952
3032	0.02242	-0.3052
3033	-0.09985	-0.65306
3034	0.02601	-0.57362
3035	-0.12859	-0.76402
3036	-0.2265	-0.8159
3038	0.02088	-0.5208
3039	-0.09904	-0.93398
3040	0.27625	-0.7196
3041	-0.10779	-0.97885
3042	-0.04889	-0.48825
3044	-0.15107	-0.98671
3045	-0.02658	1.75104
3046	0.01845	-0.10147
3047	-0.15545	-0.57365
3048	0.03338	-0.82437
3049	-0.42222	-0.83111
3050	0.0221	-0.30676
3052	0.02149	-0.33046
3053	-0.12708	-0.7206
3056	-0.36158	-0.72102
3057	-0.04923	-0.60607
3058	1.89248	0.49016
3059	-0.09917	-0.70988
3061	1.51022	0.18235
3062	-0.02664	1.75104
3063	-0.13472	-0.71746
3064	0.00773	0.03197
3065	-0.16393	-0.74973
3067	0.01866	-0.46452
3068	0.20882	-0.56776
3069	0.02204	-0.53295
3071	0.30085	-0.69896
3072	0.01874	-0.48514
3073	0.02347	-0.54896
3074	-0.06795	-0.80321
3075	0.2965	-0.67413
3077	0.12339	-0.88493
3078	0.18154	-0.61953
3079	0.02249	-0.5383
3080	2.22431	0.68498
3081	0.21539	-0.7196
3082	-0.28468	-0.57679
3084	-0.04119	-0.91619
3085	1.87539	0.37263
3086	0.19615	-0.74713
3087	0.01865	-0.42197
3088	-0.13433	-0.94431
3089	0.18313	-0.73927
3090	0.08391	-0.82711
3092	0.01016	-0.81527
3093	0.18029	-0.66005
3094	0.10111	-0.84248
3095	0.02046	-0.35982
3096	-0.28707	-0.47038
3097	0.0231	-0.23302
3098	-0.02621	1.75105
3099	-0.14713	-0.5562
3100	-0.12574	-0.67612
3101	-0.1153	-0.68734
3102	-0.09918	-0.97113
3103	-0.18488	-0.36097
3104	-0.07947	-0.62842
3105	0.17628	-0.72282
3106	0.02036	-0.35288
3107	-0.2773	-0.52321
3108	0.02257	-0.25279
3109	-0.02667	1.75104
3111	-0.02619	1.75104
3113	-0.07667	-0.64573
3114	0.01881	-0.4558
3115	-0.02628	1.75105
3116	0.17051	-0.53554
3118	0.04188	-0.64188
3119	0.18104	-0.67095
3120	-0.02652	1.75104
3121	-0.13726	-0.61514
3123	-0.00541	-0.77849
3124	0.02094	-0.52259
3125	-0.16804	-0.62612
3126	-0.09284	-0.76232
3127	-0.04628	-0.35353
3128	-0.15658	-0.57395
3129	-0.15309	-0.54694
3130	0.01882	-0.45426
3131	-0.11008	-0.63154
3132	0.02111	-0.34434
3134	0.02126	-0.38343
3135	-0.09611	-0.91288
3136	0.01868	-0.46438
3137	0.01874	-0.45951
3138	-0.08344	-0.6781
3139	-0.20681	-0.67613
3140	0.01959	-0.42692
3141	0.11868	-0.48558
3142	0.22454	-0.69392
3143	-0.13623	-0.59751
3144	1.48136	0.93154
3145	0.02299	-0.25704
3146	0.02245	-0.53767
3147	0.01868	-0.46446
3149	0.02296	-0.18819
3150	0.58601	-0.45723
3151	0.02085	-0.52171
3152	-0.06318	-0.98528
3153	0.08719	-0.99028
3154	0.01911	-0.49226
3155	-0.29842	-0.41298
3157	-0.23339	-0.46324
3158	-0.08259	-0.95637
3159	-0.24798	-0.35822
3160	0.01951	-0.4276
3161	-0.1188	-0.73078
3162	0.02474	-0.56027
3163	-0.05433	-0.98803
3164	0.02144	-1.03563
3166	0.3458	-0.47358
3167	0.01891	-0.44909
3168	-0.11455	-0.67065
3169	0.02057	-0.37557
3170	0.01862	-0.43466
3171	-0.07419	-0.9716
3172	0.01943	-0.40933
3173	0.01858	-0.46522
3174	0.0211	-0.34423
3175	-0.22037	-0.60184
3176	0.04242	-0.6429
3177	0.02103	-0.52412
3178	0.02277	-0.18609
3179	-0.51352	-0.49397
3180	-0.14707	-0.50745
3181	-0.05604	-0.85922
3182	-0.08833	-0.64209
3183	0.02234	-0.31865
3184	0.09538	-0.59719
3185	0.08972	-0.59868
3186	0.08891	-0.72551
3187	0.08795	-0.83894
3188	-0.05561	0.33219
3189	0.0187	-0.45986
3190	0.01949	-0.41319
3191	0.062	-0.87827
3192	0.01882	-0.45878
3193	-0.16589	-0.4032
3194	0.02352	-0.21387
3196	-0.09702	-0.7192
3197	0.02373	-0.31332
3198	-0.13341	-0.56951
3199	0.01039	-0.04548
3200	-0.14322	-0.9786
3201	-0.05917	-0.59976
3202	0.01837	-0.47148
3203	-0.14305	-0.77537
3204	0.06267	-0.87568
3205	-0.02608	1.7279
3206	-0.02652	1.75104
3207	-0.02622	1.75105
3208	-0.09427	-0.67335
3209	-0.02661	1.75104
3210	0.15013	-0.52604
3211	0.01879	-0.4557
3212	0.09663	-0.7455
3213	-0.01843	-0.98449
3214	-0.04521	-0.68085
3217	0.17968	-0.76603
3218	-0.15817	-0.94881
3219	0.02002	-0.50704
3220	-0.12258	-0.74368
3221	0.11727	-0.55983
3222	-0.06593	-0.65029
3223	-0.02623	1.75104
3224	-0.02664	1.75103
3225	0.01899	-0.45252
3226	-0.02654	1.75104
3227	-0.0261	1.75105
3228	-0.0495	-0.51711
3229	-0.02626	1.75104
3230	-0.02659	1.75105
3231	0.05798	-0.67499
3232	-0.07526	-0.80336
3233	-0.12319	-0.71903
3234	0.02158	-0.52907
3235	-0.02994	-0.85803
3236	0.01902	-0.43937
3238	0.01801	-0.47679
3239	-2.02187	0.43392
3240	-0.24167	-0.57252
3241	-0.07367	-0.63268
3242	-0.1904	-0.77267
3243	0.01948	-0.41325
3244	-0.15543	-0.74439
3245	0.00016	-0.86191
3246	-0.20121	-0.46804
3247	0.02656	-0.26881
3250	-0.06384	-0.58976
3251	0.01838	-0.46823
3252	-0.09722	-0.53181
3253	-0.0266	1.75104
3254	0.01822	-0.44523
3255	0.03659	-0.62524
3256	-0.10207	-0.9285
3257	0.02031	-0.35495
3258	-0.15668	-0.60331
3259	0.0187	-0.48893
3260	0.21207	-0.49942
3261	0.01858	-0.43495
3262	-0.16743	-0.59075
3263	-0.09768	-0.64014
3264	0.0211	-0.38543
3265	0.02616	-0.57464
3266	0.02183	-0.53037
3267	0.02239	-0.53698
3268	0.02131	-0.52699
3269	-0.18594	-0.91603
3270	-0.07369	-0.6208
3272	0.02124	-0.52668
3273	0.01965	-0.41187
3274	-0.08107	-0.64029
3275	0.02369	-0.5513
3276	0.01948	-0.4128
3277	0.09287	-0.5468
3278	-0.0647	-0.84958
3279	0.02519	-0.56536
3280	0.01896	-0.45162
3281	0.16485	-0.59279
3282	-0.122	-0.7352
3283	0.02014	-0.51079
3284	-0.09967	-0.68254
3285	0.02196	-0.53215
3286	0.02311	-0.23098
3288	-0.15777	-0.84166
3289	0.02254	-0.53851
3290	0.17121	-0.5071
3291	-0.02653	1.75105
3292	-0.35625	-0.39302
3293	0.22262	-0.49816
3294	0.16336	-0.64803
3295	-0.13075	-0.56594
3296	-0.0958	-0.63083
3297	0.03091	-0.60207
3298	-0.03337	-0.70443
3299	-0.14756	-0.66761
3300	-0.1398	-0.63075
3301	0.03781	-0.62861
3302	0.02155	-0.52886
3303	-0.15592	-0.65045
3304	0.01868	-0.48706
3305	-0.02646	1.75104
3306	0.02678	-0.57928
3307	-0.10983	-0.95125
3308	-0.13576	-0.58873
3309	0.01895	-0.45149
3310	0.12233	-0.60388
3312	-0.02585	-0.61586
3313	-0.08341	-0.88041
3314	0.30916	-0.47927
3316	-0.04559	-0.97722
3317	0.01912	-0.49225
3318	-0.0102	-0.79174
3319	0.02087	-0.52038
3320	-0.02661	1.75105
3321	-0.09456	-0.7282
3322	0.12814	-0.63068
3323	-0.19343	-0.72975
3324	0.24969	-0.84916
3325	0.05069	-0.66007
3326	0.09203	-0.85353
3327	-1.81643	-0.10787
3328	-0.15876	-0.6068
3329	0.01859	-0.46044
3330	0.01846	-0.46687
3331	0.02002	-0.50696
3332	-0.06801	-0.58712
3333	-0.07434	-0.90623
3334	0.02715	-0.58218
3335	-0.02451	-0.72806
3336	-0.08498	-0.6507
3337	0.02861	-0.59135
3338	-0.12082	-0.66941
3339	-0.05825	-0.66516
3340	-0.07226	-0.59599
3341	-0.06438	-0.60653
3342	0.02013	-0.51103
3343	0.02025	-0.36681
3344	-0.04597	-0.63879
3345	0.20033	-0.74914
3346	-0.08849	-0.75481
3347	0.45759	-0.67419
3348	-0.04721	-0.66097
3349	-0.08232	-0.91539
3350	-0.01775	-0.6874
3351	0.02092	-0.52251
3352	-0.01336	-0.96159
3356	0.03758	-0.62799
3357	0.00706	-0.84096
3359	0.02332	-0.54774
3360	0.02184	-0.53083
3361	0.02272	-0.53959
3362	0.02106	-0.52366
3363	-0.12551	-1.01235
3364	-0.31768	-0.60332
3365	0.04605	-0.73324
3366	-0.06795	-0.65695
3367	0.02085	-0.51976
3368	-0.06766	-0.68128
3369	0.0229	-0.54281
3371	-0.08321	-0.61421
3373	-0.10971	-0.59342
3374	-0.10596	-0.58589
3375	0.0297	-0.59694
3377	0.23284	-0.63504
3378	0.06699	-0.82997
3379	0.01866	-0.42124
3380	0.02675	-0.579
3381	-0.24039	-0.7626
3382	0.02498	-0.56352
3383	-0.21599	-0.66866
3384	0.03543	-0.62191
3385	-0.11478	-0.64462
3386	-1.78075	-0.09942
3387	-0.41953	-0.59442
3388	-0.13813	-0.96889
3389	-0.16522	-0.84968
3391	0.02804	-0.58703
3392	0.11542	-0.77964
3393	0.05124	-0.66085
3394	0.01883	-0.44753
3395	0.01865	-0.43436
3396	0.02167	-0.52986
3397	-0.10773	-0.87296
3398	0.01269	-0.87221
3400	-0.11342	-0.7006
3402	-0.07348	-0.91236
3403	0.10935	-0.56839
3404	0.02129	-0.52692
3405	-0.0725	-0.8808
3406	-0.07694	-0.57935
3407	0.15635	-0.63944
3408	-0.08738	-0.81974
3409	-0.08837	-0.82741
3410	-0.1161	-0.75224
3412	0.00883	-0.72693
3413	-0.03906	-0.58828
3414	-0.10154	-0.62983
3415	-0.11649	-0.91151
3416	-0.09501	-0.86346
3417	-0.08326	-0.96583
3418	0.02377	-0.55217
3419	0.02588	-0.57195
3420	-0.01607	-0.82719
3421	-0.16368	-0.88708
3422	0.02368	-0.2785
3423	-0.09909	-0.92203
3424	-0.11558	-0.63998
3425	0.02426	-0.55679
3426	0.14153	-0.8998
3428	0.07534	-0.91951
3429	-0.17972	-0.7221
3430	0.02003	-0.50723
3431	0.02001	-0.50663
3432	-0.1286	-0.86267
3433	0.24643	-0.83546
3434	-0.02661	1.75104
3435	0.13035	-0.63831
3436	-0.00717	-0.85899
3437	0.02416	-0.55597
3438	-0.08992	-0.97807
3439	0.0265	-0.57638
3440	0.13043	-0.75266
3441	0.01876	-0.48289
3442	0.0184	-0.43583
3443	0.21627	-0.63018
3444	-0.01952	-0.72718
3445	-0.06052	-0.80207
3446	0.02073	-0.51646
3447	-0.03299	-0.87124
3448	0.01872	-0.48545
3449	-0.0873	-0.72114
3450	-0.18388	-0.87805
3451	0.08217	-0.76116
3452	0.02267	-0.53909
3454	-0.11701	-0.5193
3455	-0.02673	1.75104
3456	0.12567	-0.75858
3457	0.01908	-0.49238
3458	-0.01105	-0.89086
3459	-0.07364	-0.77002
3460	0.08891	-0.8054
3461	-0.14989	-0.5176
3462	0.202	-0.67183
3463	0.17941	-0.64814
3464	-0.09738	0.57343
3465	-0.19801	-0.72106
3467	-0.10028	-0.88795
3468	-0.09902	-0.75265
3469	-0.06251	-0.86139
3470	-0.07249	-0.85852
3471	0.00788	-0.76062
3472	-0.10652	-0.62776
3473	-0.1786	-0.86257
3474	-0.09583	-0.64679
3475	0.01842	-0.4709
3476	-0.09197	-0.65074
3477	-0.09214	-0.68872
3478	0.01932	-0.41454
3479	-0.07081	-0.67334
3480	-0.11171	-0.95538
3481	0.16214	-0.61857
3482	-0.06814	-0.84708
3483	-0.1218	-0.76469
3484	0.01843	-0.47083
3486	-0.12476	-0.84618
3487	-0.1154	-0.90907
3489	0.01799	-0.47692
3490	-0.08024	-0.86665
3491	-0.06601	-0.86872
3492	0.12265	-0.71466
3493	-0.26943	-0.39806
3494	-0.11268	-0.87409
3495	0.01907	-0.41879
3496	-0.03573	-0.86317
3497	-0.10386	-0.70331
3498	-1.90029	0.50263
3499	0.04407	-1.00515
3500	-0.0214	-0.91826
3501	-0.1747	-0.84332
3502	0.02029	-0.38867
3504	-0.03895	-0.92653
3505	-0.15071	-0.558
3506	0.02715	-0.58157
3507	-0.06659	-0.94423
3508	-0.09811	-0.749
3509	0.01896	-0.45813
3510	-0.00007	-0.87544
3511	0.02024	-0.36324
3512	0.01999	-0.50445
3513	0.02474	-0.56031
3514	-0.09881	-0.82097
3515	0.02068	-0.51754
3516	-0.15107	-0.79542
3517	0.02216	-0.75016
3518	-0.02644	1.75105
3519	-0.10127	-0.89812
3520	0.02286	-0.18748
3521	0.03809	-0.62925
3522	0.00888	-0.78269
3523	0.01807	-0.47628
3525	0.11638	-0.70246
3526	-0.1158	-0.71967
3528	0.02073	-0.51632
3529	0.2017	-0.59464
3530	0.0228	-0.54111
3531	-0.04051	-0.68028
3532	0.02192	-0.53126
3533	0.01998	-0.5045
3534	0.31123	-0.33418
3535	0.12704	-0.83651
3536	-0.07797	-0.93287
3537	0.22467	-0.62177
3538	0.01999	-0.50636
3539	0.02316	-0.2494
3540	0.11576	-0.58032
3541	0.01924	-0.42984
3544	0.03844	-0.80885
3545	-0.02321	-0.76145
3546	0.02371	-0.29961
3547	0.01862	-0.46034
3548	0.08707	-0.84156
3549	0.27995	-0.55595
3550	0.02197	-0.28623
3551	0.02102	-0.52402
3552	-0.05522	-0.91287
3554	-0.10192	-0.72347
3555	-0.07496	-0.91968
3557	0.12493	-0.54668
3558	-0.00142	-0.97957
3559	0.02207	-0.29235
3560	0.01894	-0.4313
3561	0.3143	-0.4326
3562	0.21186	-0.5157
3563	-0.02659	1.75104
3564	-0.06223	-0.77388
3565	0.0219	-0.53112
3566	-0.11701	-0.99857
3567	-0.02634	1.75104
3568	-0.13451	-0.64526
3569	-0.13087	-1.04208
3570	0.01929	-0.3974
3571	0.13936	-0.57886
3572	0.02087	-0.52044
3573	0.13884	-0.54914
3574	0.03964	-0.63715
3575	0.02149	-0.32616
3576	2.03069	0.505
3577	0.0188	-0.45369
3578	0.02082	-0.51949
3579	0.02183	-0.5304
3580	0.02079	-0.37472
3582	0.02152	-0.34194
3584	-0.07292	-0.97754
3585	0.02106	-0.52451
3586	-0.03526	-0.95576
3587	0.02472	-0.56092
3588	0.03253	-0.60779
3589	-0.09387	-0.89088
3590	-0.07632	-0.89289
3591	0.05333	-0.6661
3592	-0.09052	-0.86494
3593	-0.05547	-0.72268
3595	0.02824	-0.58802
3596	-0.5981	-0.38171
3597	-1.72445	-0.07683
3598	-0.16584	-0.70421
3599	-0.02663	1.75105
3601	0.01956	-0.4156
3602	0.02003	-0.50565
3603	0.01932	-0.39205
3604	0.13801	-0.59947
3605	-0.10267	-0.78714
3606	0.00768	0.03011
3607	0.21821	-0.56369
3609	0.01843	-0.46958
3610	0.17118	-0.60784
3611	-0.09591	-0.9979
3612	-0.02672	1.75104
3613	-0.20436	-0.4543
3614	-0.02658	1.75104
3615	0.08544	-0.82868
3616	0.01902	-0.49462
3617	-0.10723	-0.86712
3618	0.12682	-0.86922
3619	-0.07957	-0.72114
3620	-0.12162	-0.66031
3621	0.02219	-0.53484
3623	-0.16382	-0.63685
3624	-0.02624	1.75105
3626	0.02152	-0.28832
3627	-0.13357	-0.92663
3628	0.0191	-0.49233
3629	0.01876	-0.45053
3630	0.10374	-0.5353
3631	0.0916	-0.87379
3632	-0.02616	1.75105
3633	-0.02619	1.75105
3634	0.01888	-0.44955
3636	-0.15961	-0.63408
3637	-0.0265	1.75104
3638	2.00128	0.50248
3639	0.02317	-0.23462
3640	-0.12485	-1.00494
3641	-0.09027	-0.63114
3642	-0.02637	1.75105
3643	-0.21126	-0.92422
3644	0.01942	-0.41399
3645	0.02325	-0.18116
3646	0.03436	-0.72719
3647	0.15745	-0.65679
3648	-0.15447	-0.60885
3649	0.14729	-0.53619
3651	0.0202	-0.50938
3652	0.01901	-0.4579
3653	-0.0519	-0.86332
3654	0.02638	-0.26901
3655	0.0261	-0.57403
3656	0.01877	-0.48396
3657	-0.15381	-0.543
3658	-0.13715	-0.81826
3659	-0.1116	-0.61342
3660	-0.12871	-0.81111
3661	0.01832	-0.4721
3662	-0.19001	-0.88218
3663	-0.02629	1.75105
3664	0.14403	-0.58016
3665	-0.08387	-0.76133
3666	-0.1514	-0.67904
3667	-0.16122	-0.79789
3668	-0.09022	-0.89279
3669	0.02522	-0.56569
3670	0.01883	-0.45331
3671	0.01808	-0.47372
3673	-0.02658	1.75105
3674	-0.17427	-0.64805
3676	0.02249	-0.25371
3677	0.01931	-0.90171
3678	0.17699	-0.58732
3679	-0.1589	-0.81589
3680	-0.08287	-0.89766
3681	0.10507	-0.7593
3682	-0.04518	-0.98718
3683	-0.02641	-0.86544
3684	-0.10711	-0.84292
3685	0.0223	-0.31895
3686	-0.02608	1.75105
3687	-0.09419	-0.59159
3688	0.0189	-0.44036
3689	0.01843	-0.4699
3690	-0.09962	-1.00064
3691	-0.07621	-0.93361
3692	-0.22502	-0.44694
3693	0.1729	-0.59387
3694	-0.09667	-0.85307
3695	-0.14536	-0.57642
3696	0.02305	-0.24129
3697	-0.02797	-0.91496
3698	-0.04179	-0.79395
3699	0.01951	-0.41589
3700	0.24089	-0.49496
3701	0.02081	-0.34505
3702	-0.06714	-0.92737
3703	-0.13351	-0.86255
3704	-0.20536	-0.83905
3707	0.02005	-0.50753
3708	0.16196	-0.8283
3709	-0.18657	-0.89327
3710	-0.05966	-0.96576
3711	-0.06362	-0.55018
3712	0.01843	-0.4707
3713	0.08104	-0.81129
3714	-0.05454	-0.75436
3715	0.20564	-0.54956
3716	0.01804	-0.47632
3717	0.01863	-0.42157
3718	0.02125	-0.32336
3719	0.09124	-0.83969
3720	-0.12858	-0.83506
3721	-0.08848	-0.82758
3722	-0.17368	-0.75148
3723	0.17493	-0.53583
3725	-0.13987	-0.81044
3726	-0.10491	-0.91425
3727	-0.1253	-0.61063
3728	0.0193	-0.4174
3729	-0.21289	-0.50833
3730	-0.08932	-0.76638
3731	0.02142	-0.52817
3732	-0.06535	-0.76385
3733	0.01884	-0.40237
3734	-0.02738	-0.57451
3735	-0.04972	-0.69881
3736	0.02269	-0.53923
3737	-0.1395	-0.6635
3738	0.02191	-0.53179
3740	0.02746	-0.58401
3741	-0.02651	1.75104
3742	0.02279	-0.54116
3743	0.02128	-0.52673
3744	-0.09706	-0.59338
3745	0.02019	-0.36547
3746	0.02332	-0.28039
3747	0.02075	-0.51825
3749	0.02546	-0.27235
3750	0.02494	-0.56208
3751	0.01868	-0.48708
3752	0.02104	-0.38558
3753	0.02723	-0.58251
3754	0.01907	-0.45755
3755	-0.1037	-0.5745
3756	0.02147	-0.34212
3757	0.02192	-0.53128
3758	0.01876	-0.48376
3760	0.02718	-0.58233
3761	0.0212	-0.52557
3762	-0.09276	-0.60372
3763	-0.18128	-0.62591
3764	0.02104	-0.37404
3765	0.01933	-0.41767
3767	0.02872	-0.59263
3768	0.0222	-0.53432
3770	0.20379	-0.60107
3771	0.02021	-0.37751
3772	-0.38328	-0.5898
3773	0.02079	-0.51856
3774	-0.14066	-0.64429
3775	0.0315	-0.60399
3777	0.1073	-0.63585
3778	0.01954	-0.39638
3779	0.24426	-0.57657
3780	0.0068	0.09568
3781	0.01891	-0.44047
3782	-0.02665	1.75105
3784	0.01878	-0.45588
3787	0.05009	-0.65915
3788	-0.02639	1.75105
3789	0.11618	-0.50254
3790	-0.02671	1.75104
3791	-0.14848	-0.67415
3792	0.01905	-0.49298
3794	0.02072	-0.51815
3795	-0.05514	-0.85243
3797	0.02012	-0.36574
3798	0.01029	-0.03526
3799	0.00693	0.06776
3800	0.02664	-0.57756
3801	0.02328	-0.54683
3802	-0.08841	-0.7268
3803	-0.02641	1.75104
3804	0.01884	-0.40221
3807	0.02312	-0.2326
3808	0.10671	-0.3725
3809	-0.02622	1.75105
3810	0.02257	-0.18488
3811	0.0207	-0.51449
3812	-0.02657	1.75105
3813	-0.02648	1.75104
3814	-0.0265	1.75104
3815	-0.0265	1.75104
3816	0.01837	-0.46839
3818	-0.0262	1.75105
3819	-0.02667	1.75105
3820	0.02669	-0.57813
3821	0.02651	-0.57686
3822	-0.02612	1.75105
3823	-0.02617	1.75104
3824	-0.02638	1.75104
3825	0.02016	-0.51025
3826	-0.16026	-0.60046
3827	-0.02632	1.75105
3828	-0.02607	1.75105
3829	0.01876	-0.44142
3830	-0.02664	1.75103
3831	0.01905	-0.39918
3832	-0.02677	1.75104
3834	0.01844	-0.46676
3835	-0.02642	1.75104
3836	-0.09586	-0.92679
3838	-0.0267	1.75104
3839	0.01029	-0.0432
3840	-0.02671	1.75104
3842	-0.02623	1.75105
3843	-0.02667	1.75104
3844	0.02411	-0.55574
3846	-0.02637	1.75105
3847	0.02014	-0.51109
3848	-0.02625	1.75104
3849	-0.05806	-0.49902
3851	-0.0387	-0.89267
3852	0.01868	-0.46443
3853	-0.00228	-0.73025
3854	0.00723	0.05625
3855	-0.02649	1.75104
3856	-0.02635	1.75105
3858	-0.02614	1.75104
3859	-0.02629	1.75104
3861	0.02886	-0.59372
3862	0.00737	0.05193
3863	0.08107	-0.70095
3864	-0.02637	1.75104
3865	-0.02675	1.75104
3866	-0.02647	1.75104
3867	-0.02675	1.75104
3868	0.01879	-0.45515
3869	0.02	-0.37864
3870	0.0188	-0.40097
3871	0.02736	-0.58363
3872	-0.02631	1.75105
3873	0.02095	-0.52287
3874	-0.02611	1.75105
3877	-0.0266	1.75105
3878	-0.02145	-0.52791
3880	-0.02617	1.75105
3881	0.02154	-0.52877
3882	-0.02652	1.75104
3883	0.04137	-0.64065
3884	-0.02662	1.75105
3885	-0.02662	1.75103
3886	0.03495	-0.6204
3887	-0.15795	-0.39555
3888	-0.02675	1.75104
3890	0.02357	-0.55015
3891	0.02049	-0.3514
3892	-0.02614	1.75105
3893	-0.0268	1.75104
3894	-0.02666	1.75104
3896	-0.02625	1.75104
3897	0.02025	-0.36313
3899	0.06731	-0.73051
3900	-0.02611	1.75105
3901	0.02053	-0.38792
3902	-0.02635	1.75104
3903	0.04676	-0.65311
3904	-0.02671	1.75104
3905	-0.02653	1.75104
3906	-0.0267	1.75104
3907	-0.0262	1.75105
3909	-0.02658	1.75104
3910	0.0238	-0.33445
3911	0.01853	-0.4655
3912	-0.02668	1.75104
3913	-0.12476	-0.61944
3914	-0.1257	-0.63508
3915	0.01879	-0.43285
3916	0.02267	-0.53939
3917	-0.02618	1.75104
3918	0.02985	-0.59746
3919	-0.02608	1.75105
3920	0.01954	-0.41539
3921	-0.02632	1.75105
3922	-0.02677	1.75104
3923	-0.02679	1.75104
3924	-0.02656	1.75105
3925	-0.02652	1.75105
3926	0.01888	-0.45299
3927	0.01955	-0.3965
3928	0.01844	-0.46666
3931	0.02209	-0.64193
3933	0.02378	-0.31314
3934	-0.02606	1.75105
3935	-0.02619	1.75105
3936	-0.02625	1.75104
3938	0.01924	-0.42979
3939	0.01875	-0.48476
3940	-0.02632	1.75105
3941	0.03989	-0.63768
3942	-0.10619	-0.68207
3943	0.0795	-0.71419
3944	0.02043	-0.35904
3945	0.02295	-0.54218
3946	-0.06143	-0.73353
3947	0.22322	-0.22799
3948	-0.02635	1.75105
3949	0.01877	-0.46387
3953	-0.02609	1.75105
3954	0.01843	-0.43577
3955	-0.02621	1.75104
3958	0.02483	-0.56157
3959	0.02171	-0.32106
3960	0.3886	-0.37776
3961	-0.02627	1.75104
3964	0.01948	-0.42775
3965	-0.02617	1.75105
3966	-0.02629	1.75105
3968	0.02326	-0.5463
3969	-0.02619	1.75105
3971	0.02702	-0.58119
3974	-0.02649	1.75104
3975	-0.0267	1.75104
3976	0.09051	-0.62486
3977	0.02191	-0.53111
3978	0.02184	-0.53042
3980	-0.02664	1.75105
3982	0.02207	-0.34016
3983	0.18988	-0.64639
3985	0.0222	-0.29628
3986	0.02327	-0.54693
3989	-0.02612	1.75105
3990	-0.02679	1.75104
3992	-0.12261	-0.67136
3996	-0.02632	1.75104
4000	0.02157	-0.34708
4001	-0.12949	-0.71343
4003	0.02502	-0.20875
4004	0.06345	-0.68005
4005	-0.02679	1.75104
4007	-0.13536	-0.32959
4008	-0.02611	1.75105
4010	-0.02644	1.75104
4013	-0.02641	1.75105
4015	-0.02615	1.75105
4016	0.02349	-0.54975
4017	0.02022	-0.36721
4018	0.02014	-0.51095
4019	-0.09003	-0.59436
4020	0.02019	-0.36366
4021	-0.0263	1.75104
4034	-0.0265	1.75105
4035	0.02229	-0.25467
4037	-0.02612	1.75104
4043	-0.02676	1.75104
4045	0.02626	-0.26924
4047	0.02758	-0.19924
4048	-0.02617	1.75105
4050	-1.59061	0.25642
4052	-0.02647	1.75105
4057	-0.02663	1.75103
4058	-0.02664	1.75104
4060	0.01851	-0.44343
4061	-0.02672	1.75104
4065	0.01824	-0.09467
4070	-0.02651	1.75105
4073	-0.02616	1.75104
4074	-0.02669	1.75103
4079	1.71084	0.01987
4082	-0.02664	1.75104
4084	1.61429	0.20797
4085	-0.01207	-0.76491
4087	-0.02656	1.75104
4088	0.01856	-0.46509
4089	-0.02652	1.75104
4090	-0.02645	1.75105
4095	0.11911	-0.64182
4099	-0.02645	1.75105
4102	-0.02638	1.75104
4104	-0.02678	1.75104
4106	-0.02648	1.75104
4112	-0.02654	1.75104
4117	-0.02613	1.75105
4119	0.01887	-0.40184
4121	-0.02668	1.75104
4122	0.16671	-0.66298
4127	-0.02619	1.75104
4135	-0.02636	1.75104
4136	-0.16161	-0.6145
4142	-0.02608	1.75105
4148	-0.33691	-0.53737
4149	0.01992	-0.11959
4152	0.15134	-0.54974
4153	0.20706	-0.54979
4155	-0.02646	1.75105
4163	-0.02627	1.75104
4168	-0.02636	1.75105
4170	-0.02667	1.75104
4178	0.10865	-0.59459
4181	-0.0265	1.75104
4186	0.26291	-0.54529
4187	-0.11303	-0.45463
4188	-0.02627	1.75104
4190	-0.0267	1.75104
4191	-0.02622	1.75105
4194	0.02529	-0.56647
4195	-0.60901	-0.49698
4199	-0.1089	-0.67926
4200	0.15984	-0.67395
4204	-0.02635	1.75105
4205	-0.02655	1.75104
4207	-0.02666	1.75105
4208	-0.02644	1.75105
4210	0.33861	-0.52122
4211	-0.02624	1.75105
4217	-0.02635	1.75104
4219	0.35958	-0.46567
4222	0.01857	-0.46479
4225	-0.02664	1.75104
4227	0.00637	0.08729
4228	-0.02679	1.75104
4229	-0.02663	1.75104
4231	-0.02636	1.75105
4232	-0.02611	1.75105
4235	-0.02633	1.75105
4237	-0.02621	1.75105
4238	-0.07916	-0.51714
4239	-0.02679	1.75104
4240	0.20259	-0.61642
4243	-0.02636	1.75105
4247	-0.02665	1.75105
4248	0.02398	-0.27708
4250	-0.02636	1.75104
4254	0.01802	-0.47638
4256	-0.02638	1.75105
4258	0.02005	-0.38914
4260	-0.02663	1.75105
4261	-0.0261	1.75105
4267	0.022	-0.2925
4272	0.02119	-0.32366
4275	-0.02646	1.75104
4276	0.15306	-0.51269
4277	0.02011	-0.50898
4278	-0.02662	1.75105
4280	-0.21822	-0.54196
4288	-0.02654	1.75105
4289	-0.02643	1.75105
4291	-0.02651	1.75105
4295	-0.02641	1.75104
4299	0.13359	-0.45879
4300	-0.02679	1.75104
4303	0.02301	-0.24584
4304	-0.02612	1.75105
4306	-0.02653	1.75104
4307	-0.02662	1.75103
4310	-0.02654	1.75104
4316	-0.02675	1.75104
4318	-0.02616	1.75105
4320	1.71863	0.0078
4322	-0.02647	1.75105
4323	-0.02607	1.75105
4325	-0.02611	1.75105
4326	-0.02623	1.75104
4327	-0.02636	1.75104
4328	-0.02663	1.75104
4332	-0.02637	1.75104
4333	0.22876	-0.53484
4339	-0.02628	1.75104
4340	-0.02649	1.75104
4341	-0.17615	-0.59129
4343	0.44635	-0.47099
4346	-0.02669	1.75104
4347	-0.02613	1.75105
4350	-0.18826	-0.59122
4355	0.20239	-0.5867
4360	0.02001	-0.12556
4361	-0.02625	1.75104
4364	-0.02627	1.75105
4367	-0.02645	1.75104
4371	0.15448	-0.4175
4373	-0.02672	1.75104
4374	0.24543	-0.64609
4377	-0.02669	1.75104
4381	-0.02647	1.75104
4383	-0.02624	1.75104
4385	-0.0267	1.75104
4388	0.1728	-0.61388
4389	0.32275	-0.52053
4392	-0.02626	1.75104
4397	0.02169	-0.52966
4398	-0.02621	1.75104
4403	0.19267	-0.51594
4411	-0.02628	1.75104
4422	-0.0621	-0.52503
4426	0.20435	-0.41287
4441	0.02366	-0.29964
4443	-0.02613	1.75105
4444	0.01033	-0.04058
4448	-0.13898	-0.61771
4451	0.0333	-0.61544
4455	-0.02667	1.75104
4467	0.0468	-0.65322
4468	-0.02607	1.75105
4476	-0.00337	0.19548
4478	0.23387	-0.44796
4479	-0.09711	-0.59088
4482	0.1555	-0.37166
4486	0.02005	-0.5076
4492	-0.02614	1.75104
4496	0.20377	-0.61115
4502	0.02568	-0.56979
4505	0.07329	-0.6278
4510	0.02013	-0.51081
4516	-0.09356	-0.5665
4517	0.02088	-0.14006
4525	0.02312	-0.23552
4526	-0.02635	1.75104
4528	-0.1138	-0.59508
4532	0.01883	-0.45505
4533	-0.02621	1.75104
4538	-0.0266	1.75104
4545	0.23188	-0.44137
4546	-0.02641	1.75104
4549	-0.0264	1.75104
4550	-0.02622	1.75104
4552	-0.02618	1.75105
4559	-0.02582	1.7111
4566	-0.0264	1.75105
4567	-0.0266	1.75103
4568	-0.21393	-0.59975
4570	-0.28988	-0.4247
4572	-0.0263	1.75105
4573	-0.02652	1.75104
4576	-0.02673	1.75104
4578	-0.02611	1.75105
4579	-0.02638	1.75104
4580	-0.02633	1.75104
4581	-0.02666	1.75105
4584	-1.62049	0.16999
4590	0.02187	-0.53103
4595	-0.02625	1.75105
4596	-0.02627	1.75104
4600	-0.02639	1.75105
4601	-0.02667	1.75104
4602	-0.16936	-0.52719
4603	0.02587	-0.57235
4605	0.02123	-0.38367
4608	-0.02657	1.75104
4617	-0.02617	1.75104
4620	-0.18262	-0.55086
4623	-0.02607	1.75105
4625	-0.17307	-0.70578
4628	-0.02653	1.75104
4629	-0.02627	1.75105
4630	0.01884	-0.45304
4632	-0.02655	1.75104
4634	0.02289	-0.54251
4639	-0.02629	1.75104
4640	-0.02666	1.75104
4641	-0.02647	1.75104
4642	-0.02662	1.75103
4649	-0.02618	1.75105
4650	-0.02625	1.75105
4653	-0.38795	-0.59643
4654	0.01991	-0.50339
4655	-0.09394	-0.57218
4657	0.01872	-0.48537
4660	-0.17199	-0.59437
4661	-0.0267	1.75104
4664	0.01843	-0.47042
4666	-0.02667	1.75104
4667	-0.02668	1.75104
4670	-0.46817	-0.5763
4673	-0.02623	1.75105
4674	0.01812	-0.47594
4677	-0.24631	-0.59079
4682	-0.08274	-0.65158
4683	0.01792	-0.47779
4684	-0.02608	1.75105
4689	-1.79729	-0.10724
4691	0.00711	0.05718
4692	0.01949	-0.39667
4694	-0.02639	1.75104
4698	-0.02673	1.75104
4703	-0.09804	-0.47877
4704	-0.02616	1.75105
4707	-0.02665	1.75104
4712	-0.0264	1.75105
4713	-0.02619	1.75104
4714	-0.14532	-0.55662
4718	-0.02654	1.75105
4731	-0.02657	1.75104
4734	-0.0261	1.75105
4735	-0.02656	1.75104
4737	-0.17951	-0.55407
4738	-0.02634	1.75105
4742	-0.0267	1.75104
4743	-0.02678	1.75104
4751	-0.02638	1.75104
4752	-0.20887	-0.53688
4753	0.01804	-0.47496
4756	-0.02653	1.75105
4758	0.0192	-0.39274
4761	-0.0261	1.75105
4762	0.02681	-0.57911
4766	-0.02636	1.75104
4767	-0.02493	0.27573
4769	-0.6766	-0.38232
4770	0.02209	-0.34012
4771	-0.02609	1.75105
4773	-0.02675	1.75104
4774	0.01778	-0.08566
4775	0.02039	-0.36029
4776	-0.02655	1.75104
4777	-0.0261	1.75105
4781	-0.02654	1.75104
4782	-0.02655	1.75104
4784	-0.02618	1.75105
4785	-0.1874	-0.53208
4786	-0.02644	1.75105
4788	0.01937	-0.39719
4789	-0.02628	1.75104
4790	-0.02643	1.75105
4792	-0.02616	1.75105
4793	-0.02635	1.75104
4794	-0.02615	1.75105
4798	-0.11975	-0.58095
4799	-0.02627	1.75105
4801	-0.02641	1.75104
4802	-0.02631	1.75104
4804	-0.02643	1.75104
4805	-0.0264	1.75104
4806	-0.02654	1.75105
4807	-0.02608	1.75105
4809	-0.02637	1.75105
4810	-0.02607	1.75105
4811	-0.02629	1.75104
4813	-0.02644	1.75104
4814	-0.02614	1.75105
4815	-0.02665	1.75103
4816	-0.02619	1.75105
